start the EA2 
The result is generation: 50 of popsize: 10 of EIL51.tsp42,14,8,24,1,39,40,45,37,44,25,27,36,31,3,17,11,28,43,12,46,33,19,16,49,2,32,29,4,20,41,5,51,50,21,48,38,6,23,9,7,34,10,35,26,22,30,13,15,47,18
The best distance is: 1537.3
The result is generation: 100 of popsize: 10 of EIL51.tsp41,6,9,42,33,40,24,37,12,23,8,10,36,48,43,11,38,35,27,14,1,47,3,45,39,15,17,20,21,26,5,49,13,4,46,51,34,28,25,2,29,18,19,30,44,31,32,22,50,7,16
The best distance is: 1601.56
The result is generation: 200 of popsize: 10 of EIL51.tsp31,25,3,34,8,46,40,43,41,50,29,26,30,15,10,45,37,33,35,13,12,51,48,11,36,9,47,49,19,1,14,23,2,16,42,44,17,27,39,38,4,6,28,22,20,18,21,32,24,7,5
The best distance is: 1567.35
The result is generation: 50 of popsize: 20 of EIL51.tsp7,32,29,36,9,10,34,19,21,16,47,27,6,48,37,41,44,3,51,31,45,39,14,38,43,20,46,12,30,15,25,33,13,23,49,5,28,8,4,24,35,22,26,1,17,50,18,42,11,2,40
The best distance is: 1605.06
The result is generation: 100 of popsize: 20 of EIL51.tsp28,26,40,27,50,17,46,13,18,11,4,45,19,48,14,44,42,37,51,36,43,21,6,25,29,8,35,10,3,41,47,1,24,15,39,22,34,49,31,5,16,9,20,2,38,33,7,12,32,30,23
The best distance is: 1612.91
The result is generation: 200 of popsize: 20 of EIL51.tsp18,42,35,11,44,4,51,32,10,21,6,50,7,41,45,37,15,39,14,12,29,24,48,40,22,33,47,30,38,23,8,43,31,13,49,2,17,26,27,25,46,1,16,9,19,36,28,20,34,5,3
The best distance is: 1608.46
The result is generation: 50 of popsize: 50 of EIL51.tsp50,49,13,24,23,3,1,2,26,17,11,31,34,48,46,14,35,22,25,8,38,27,7,19,9,4,28,32,47,51,41,39,20,36,6,16,18,21,44,30,5,15,10,42,29,43,45,33,12,40,37
The best distance is: 1603.0
The result is generation: 100 of popsize: 50 of EIL51.tsp19,9,3,22,30,50,4,8,20,1,14,32,42,39,12,34,11,47,40,48,38,25,31,51,10,7,45,41,44,18,46,27,2,35,28,23,16,21,43,36,29,37,15,17,13,33,24,26,5,6,49
The best distance is: 1566.14
The result is generation: 200 of popsize: 50 of EIL51.tsp5,38,39,50,27,15,8,41,45,32,28,30,22,46,4,42,10,19,37,49,6,1,18,44,2,25,40,17,9,24,26,34,35,33,3,12,47,20,16,21,51,43,7,11,14,31,23,36,29,13,48
The best distance is: 1577.2
The result is generation: 50 of popsize: 100 of EIL51.tsp4,44,8,36,39,1,27,20,12,26,3,30,49,17,16,40,21,33,35,51,34,19,50,5,45,28,11,22,31,42,10,41,29,38,15,47,48,6,24,18,2,9,7,43,37,13,14,25,46,32,23
The best distance is: 1585.46
The result is generation: 100 of popsize: 100 of EIL51.tsp50,45,4,24,11,31,20,51,3,1,33,41,46,23,22,2,42,43,34,26,16,30,10,12,47,27,9,14,49,28,15,44,5,40,18,35,38,39,48,29,25,6,32,37,13,17,19,36,8,7,21
The best distance is: 1598.86
The result is generation: 200 of popsize: 100 of EIL51.tsp49,40,39,2,45,4,31,44,5,50,34,18,8,51,46,25,9,32,19,11,16,33,36,29,13,21,30,28,22,41,17,14,12,20,42,10,1,6,23,43,48,3,7,38,26,24,47,37,15,27,35
The best distance is: 1585.19
The result is generation: 50 of popsize: 10 of EIL76.tsp47,5,13,68,29,41,72,53,54,11,4,12,66,58,6,65,55,34,28,37,17,64,32,40,19,21,20,62,27,63,73,3,16,23,74,31,52,42,51,36,7,2,76,46,9,50,18,71,38,57,35,43,60,22,39,67,14,59,56,15,48,1,49,45,8,26,75,69,25,33,44,61,70,30,10,24
The best distance is: 2410.4
The result is generation: 100 of popsize: 10 of EIL76.tsp22,17,51,3,37,68,64,33,1,6,42,71,69,14,21,61,70,54,29,20,8,48,11,15,27,39,5,46,50,45,7,4,44,19,66,65,47,60,57,18,28,67,12,49,58,75,36,55,35,10,63,72,24,76,40,30,32,41,9,52,31,59,16,43,25,56,13,53,23,74,73,2,38,26,62,34
The best distance is: 2416.17
The result is generation: 200 of popsize: 10 of EIL76.tsp45,49,75,23,24,59,70,65,15,69,53,19,3,21,6,46,63,48,18,54,33,12,2,35,5,60,64,31,25,9,76,51,30,61,56,34,17,40,43,7,29,68,72,4,13,11,32,74,26,1,66,73,20,8,28,22,62,50,38,14,39,57,36,71,55,47,67,16,42,44,58,10,52,37,41,27
The best distance is: 2471.11
The result is generation: 50 of popsize: 20 of EIL76.tsp38,72,46,48,16,66,1,45,10,60,71,23,13,62,21,17,4,73,32,26,39,14,29,7,55,31,57,74,28,37,36,15,12,70,49,33,11,65,67,69,58,43,2,3,41,52,68,53,20,54,34,63,75,59,22,27,19,47,64,56,8,5,6,18,24,40,9,50,44,76,42,35,51,25,30,61
The best distance is: 2383.63
The result is generation: 100 of popsize: 20 of EIL76.tsp37,9,72,21,2,43,64,60,40,42,23,16,71,12,58,59,74,28,39,38,66,65,61,50,11,10,5,69,30,51,45,3,67,14,54,33,22,41,35,76,6,24,7,48,31,47,73,44,56,68,4,18,17,34,75,27,29,26,62,63,15,52,49,13,32,36,8,1,20,70,25,19,46,57,53,55
The best distance is: 2381.21
The result is generation: 200 of popsize: 20 of EIL76.tsp8,18,46,11,12,16,25,14,48,35,21,74,26,5,31,34,73,66,38,58,56,49,64,4,13,24,9,68,50,60,53,10,55,19,76,27,40,20,7,15,71,51,28,39,70,1,47,3,32,37,23,29,61,41,63,2,42,44,33,75,72,59,45,54,65,36,30,67,52,62,69,22,6,43,17,57
The best distance is: 2441.55
The result is generation: 50 of popsize: 50 of EIL76.tsp5,63,27,19,33,15,10,37,41,23,76,59,16,6,38,60,55,36,34,64,32,24,7,75,67,40,35,18,54,30,74,73,43,3,72,48,13,66,17,8,70,57,2,52,4,9,61,20,29,1,47,51,56,21,28,69,46,71,62,25,50,42,31,53,45,58,49,12,39,14,65,26,44,22,68,11
The best distance is: 2453.9
The result is generation: 100 of popsize: 50 of EIL76.tsp63,5,14,74,20,76,49,4,35,73,33,53,69,15,8,71,64,67,3,32,19,56,10,34,44,45,12,1,62,65,17,22,38,72,26,52,30,2,21,46,57,68,66,27,50,24,6,29,47,54,60,11,40,59,37,25,55,16,41,58,23,51,42,36,13,9,43,39,31,18,75,70,61,48,28,7
The best distance is: 2431.6
The result is generation: 200 of popsize: 50 of EIL76.tsp29,73,64,41,14,32,27,69,23,71,37,16,20,22,26,56,7,42,72,38,55,63,50,34,11,51,30,70,54,57,68,25,10,33,21,31,39,59,53,43,6,13,2,19,17,46,40,61,74,65,36,44,67,66,5,28,1,75,76,45,3,52,62,15,35,8,60,58,49,24,12,48,47,18,9,4
The best distance is: 2441.56
The result is generation: 50 of popsize: 100 of EIL76.tsp7,51,2,72,12,32,52,40,56,8,62,27,55,60,1,9,75,18,36,15,49,67,76,10,39,31,68,25,66,50,38,26,4,44,13,5,65,43,6,21,16,23,63,64,54,59,35,57,19,48,71,20,29,30,28,46,74,24,22,47,3,70,11,37,45,41,33,42,17,73,14,53,69,58,34,61
The best distance is: 2418.63
The result is generation: 100 of popsize: 100 of EIL76.tsp7,70,4,22,58,14,21,2,13,11,31,29,17,47,60,72,20,63,28,37,19,43,67,6,52,68,12,69,39,44,25,75,71,48,54,30,51,46,45,10,42,1,27,24,49,61,56,34,73,36,32,66,33,18,76,64,74,3,50,26,40,16,55,62,9,38,65,53,23,15,41,57,5,8,35,59
The best distance is: 2436.41
The result is generation: 200 of popsize: 100 of EIL76.tsp22,26,31,72,3,55,62,47,74,28,52,34,12,54,65,61,29,5,19,43,42,59,48,33,45,75,64,15,37,24,6,16,46,11,69,1,53,41,57,38,35,63,68,36,9,50,7,67,25,27,66,13,20,21,32,23,70,10,18,8,17,51,73,60,30,40,44,14,2,71,4,39,76,49,58,56
The best distance is: 2445.77
The result is generation: 50 of popsize: 10 of EIL101.tsp36,81,89,82,58,18,62,91,56,88,16,37,41,46,27,99,33,74,50,53,96,7,73,48,86,21,2,3,20,98,5,47,1,34,14,11,71,77,51,54,72,12,4,69,23,38,90,45,19,57,26,9,79,32,13,66,75,67,92,43,61,49,6,63,40,44,39,59,30,65,100,8,60,93,97,29,35,78,31,95,87,17,70,94,22,83,68,85,84,15,55,24,64,42,52,25,28,101,10,76,80
The best distance is: 3328.28
The result is generation: 100 of popsize: 10 of EIL101.tsp86,38,66,70,78,98,55,64,101,29,46,14,10,94,91,21,2,35,67,34,47,40,63,18,3,60,49,1,5,9,33,75,22,57,36,30,53,72,44,45,32,65,88,11,82,31,61,59,20,42,85,48,84,99,25,23,8,76,52,13,97,83,7,77,43,80,79,24,92,95,15,12,68,96,100,69,87,19,51,81,6,73,16,71,62,89,56,41,93,37,28,50,74,4,58,27,90,39,17,26,54
The best distance is: 3236.76
The result is generation: 200 of popsize: 10 of EIL101.tsp64,83,36,84,50,41,44,54,89,88,80,42,67,28,94,40,95,24,99,46,82,52,85,45,78,8,39,15,70,51,75,62,73,90,38,96,60,37,71,76,100,7,77,65,32,12,43,31,33,25,74,34,66,35,56,61,27,3,57,101,79,22,21,48,81,13,59,1,91,86,98,72,14,9,18,5,63,26,49,55,23,19,58,30,93,10,4,87,2,92,47,53,29,6,16,17,11,69,68,20,97
The best distance is: 3452.4
The result is generation: 50 of popsize: 20 of EIL101.tsp8,3,81,68,25,44,41,79,42,32,67,77,53,100,78,43,24,95,26,99,52,62,36,82,60,10,29,18,84,93,27,87,17,66,85,14,94,70,15,73,21,97,56,28,12,7,47,64,90,48,63,30,4,98,59,2,11,33,89,76,34,61,50,40,65,72,71,46,74,37,20,19,69,16,49,1,13,45,91,51,38,22,23,92,86,101,57,75,83,39,96,55,9,80,54,31,6,35,58,5,88
The best distance is: 3307.32
The result is generation: 100 of popsize: 20 of EIL101.tsp45,55,30,91,2,82,8,14,95,39,49,100,76,43,47,29,66,28,40,23,21,75,16,33,26,83,10,50,93,59,52,90,96,62,60,61,35,36,92,24,77,101,15,13,18,38,53,86,57,19,6,32,89,17,99,12,65,1,9,3,58,48,63,51,54,79,81,71,98,97,22,80,4,5,88,41,31,67,46,84,87,11,20,73,56,64,34,78,37,74,44,94,72,7,27,25,42,68,85,70,69
The best distance is: 3334.23
The result is generation: 200 of popsize: 20 of EIL101.tsp5,32,13,61,59,84,31,42,15,49,52,22,33,99,11,14,91,35,58,79,60,62,83,67,80,24,4,77,97,86,12,2,23,63,71,50,66,18,8,44,74,82,100,51,34,90,30,94,76,81,73,17,19,96,46,20,87,27,1,26,25,38,101,89,69,3,7,70,78,10,72,29,39,6,93,88,21,53,36,28,47,16,75,95,41,45,48,68,98,40,85,57,92,56,37,54,55,43,65,9,64
The best distance is: 3274.1
The result is generation: 50 of popsize: 50 of EIL101.tsp26,19,40,94,29,33,64,47,55,76,14,12,78,67,87,20,7,13,6,65,88,60,46,96,91,100,37,10,24,16,52,43,59,25,32,23,17,95,56,98,71,9,80,81,11,69,48,1,8,79,44,77,72,54,18,73,57,3,31,75,83,61,86,15,99,63,84,62,82,85,27,68,50,2,41,51,53,97,28,36,58,4,39,38,35,21,42,89,49,74,22,34,93,30,70,45,92,5,90,101,66
The best distance is: 3342.84
The result is generation: 100 of popsize: 50 of EIL101.tsp53,72,22,10,97,27,18,94,95,38,16,63,39,50,71,6,65,56,24,90,28,13,44,93,40,4,23,20,54,9,76,99,79,61,89,47,30,58,66,5,91,75,70,26,92,84,2,73,77,11,34,32,69,31,41,42,45,85,83,68,46,80,67,25,43,82,62,15,8,35,19,1,57,49,29,33,12,51,64,55,87,86,100,48,21,78,17,81,7,37,96,98,59,88,3,36,101,74,52,14,60
The best distance is: 3314.11
The result is generation: 200 of popsize: 50 of EIL101.tsp20,89,17,6,61,79,53,101,62,65,64,23,57,5,40,70,16,43,90,82,8,75,33,66,9,51,27,55,32,44,60,88,84,83,35,49,26,41,58,72,56,4,47,69,38,100,86,93,34,11,39,71,74,77,10,13,91,97,78,45,54,98,99,25,29,92,1,96,22,95,15,36,76,80,67,81,2,37,28,85,48,19,94,18,52,7,87,30,14,3,73,12,46,31,50,24,21,68,42,63,59
The best distance is: 3311.7
The result is generation: 50 of popsize: 100 of EIL101.tsp37,31,10,42,22,15,52,12,8,61,96,68,40,66,33,43,21,89,94,11,98,16,34,79,23,13,25,80,39,32,6,28,44,9,48,53,73,92,95,59,82,4,38,85,99,60,17,70,76,88,55,46,84,75,20,90,19,69,63,30,56,26,45,27,93,74,29,35,47,3,18,36,1,100,64,67,78,86,62,101,51,50,81,57,83,91,77,71,87,97,65,72,24,14,2,5,41,58,7,54,49
The best distance is: 3353.62
The result is generation: 100 of popsize: 100 of EIL101.tsp41,61,28,64,6,83,1,18,78,73,20,80,57,55,75,24,48,60,29,36,74,95,91,27,15,39,70,50,82,85,49,67,42,96,98,12,21,9,81,30,51,99,69,52,45,79,89,34,26,35,68,5,54,14,86,37,44,87,7,59,32,62,77,46,101,17,94,53,56,3,90,65,100,63,19,13,16,25,93,71,33,38,22,92,2,76,11,47,10,58,23,72,4,43,66,8,40,31,88,84,97
The best distance is: 3276.26
The result is generation: 200 of popsize: 100 of EIL101.tsp98,71,54,67,80,3,4,10,64,96,5,89,74,38,6,78,91,72,75,31,58,83,85,39,43,55,57,62,42,86,48,22,47,25,79,60,2,46,8,36,17,27,1,23,61,9,32,66,24,49,69,11,26,90,34,7,101,53,100,19,16,59,51,63,95,52,45,87,82,12,92,15,20,28,99,40,56,76,68,41,73,44,29,88,18,77,37,21,35,81,97,84,65,13,70,50,14,93,33,30,94
The best distance is: 3327.06
The result is generation: 50 of popsize: 10 of ST70.tsp53,39,44,70,45,60,59,41,55,18,69,52,13,28,38,4,43,24,9,12,56,8,40,21,10,20,57,35,67,36,1,32,6,27,47,58,42,3,26,23,64,16,61,15,65,33,46,48,11,66,2,62,49,30,34,25,14,22,5,17,68,50,51,29,37,19,31,63,7,54
The best distance is: 3542.67
The result is generation: 100 of popsize: 10 of ST70.tsp28,61,11,12,55,49,59,16,42,19,48,32,31,63,13,36,26,43,21,44,62,24,22,66,3,6,5,69,58,15,67,1,7,4,70,65,51,29,37,2,46,53,18,33,35,47,23,9,39,14,17,64,20,54,30,40,38,8,50,52,68,41,27,25,10,56,34,57,60,45
The best distance is: 3397.17
The result is generation: 200 of popsize: 10 of ST70.tsp35,51,53,27,41,32,63,9,15,44,18,17,64,29,60,45,5,52,28,34,46,16,70,49,59,58,13,38,65,12,30,21,67,43,54,37,24,36,26,69,57,11,56,23,4,62,2,7,40,33,47,20,42,66,48,14,22,8,50,1,39,25,10,68,3,19,6,31,55,61
The best distance is: 3640.44
The result is generation: 50 of popsize: 20 of ST70.tsp45,38,61,55,2,23,40,46,5,68,21,43,51,60,62,33,53,29,48,22,65,32,9,69,58,31,41,44,57,14,52,67,56,34,8,25,24,10,26,19,1,59,35,64,7,37,18,15,49,28,54,50,36,3,12,11,17,66,30,27,20,70,6,39,47,13,16,4,63,42
The best distance is: 3499.93
The result is generation: 100 of popsize: 20 of ST70.tsp25,65,45,56,64,39,58,40,10,61,49,7,17,12,8,59,34,22,43,19,48,29,50,3,2,23,1,6,4,26,14,57,15,24,18,68,60,27,16,42,35,31,47,52,62,70,41,55,54,32,37,63,69,44,9,5,20,36,66,46,13,21,11,38,33,53,30,67,51,28
The best distance is: 3659.57
The result is generation: 200 of popsize: 20 of ST70.tsp43,49,55,58,8,7,56,29,40,12,64,53,20,50,52,39,6,34,38,44,66,42,4,21,23,14,16,57,5,13,69,70,37,54,25,1,32,62,63,26,18,9,33,10,3,24,46,68,27,51,36,48,59,19,15,65,17,45,61,22,30,41,35,2,47,31,28,11,60,67
The best distance is: 3556.01
The result is generation: 50 of popsize: 50 of ST70.tsp61,28,5,59,23,2,25,36,60,19,32,26,69,70,39,11,31,48,12,53,49,9,13,67,50,16,30,20,47,4,14,17,35,55,54,68,33,64,65,57,21,46,1,34,37,18,22,51,6,38,24,63,58,10,41,43,3,15,56,27,45,7,40,44,62,52,29,66,42,8
The best distance is: 3522.51
The result is generation: 100 of popsize: 50 of ST70.tsp13,23,55,50,66,42,20,63,16,41,14,27,2,35,31,6,9,51,53,19,1,10,44,60,67,8,54,30,12,3,5,59,36,68,70,15,4,28,21,11,52,17,64,29,69,25,47,56,65,38,48,39,34,45,40,18,57,46,43,32,62,49,7,22,26,58,24,33,37,61
The best distance is: 3509.5
The result is generation: 200 of popsize: 50 of ST70.tsp28,24,57,26,25,43,18,17,13,31,6,60,51,1,40,69,34,62,22,32,21,30,53,45,52,50,11,47,10,41,59,29,4,19,35,44,61,27,15,3,56,9,2,39,16,37,63,46,42,38,49,7,64,23,70,36,20,67,12,55,14,68,54,66,48,8,33,5,65,58
The best distance is: 3490.51
The result is generation: 50 of popsize: 100 of ST70.tsp36,29,23,35,55,56,43,53,58,4,32,38,44,50,9,69,3,62,11,54,1,45,5,28,21,14,25,7,67,24,37,26,16,33,8,10,51,34,40,59,61,46,27,64,17,30,41,49,22,63,70,18,60,48,47,13,42,20,57,65,52,19,66,2,15,31,39,12,6,68
The best distance is: 3566.79
The result is generation: 100 of popsize: 100 of ST70.tsp21,34,61,43,1,58,25,2,52,14,40,24,55,46,10,29,56,64,9,60,7,42,65,28,33,63,70,13,19,35,57,26,37,48,38,22,23,20,49,27,67,41,32,5,47,36,31,15,8,62,6,59,39,50,44,17,30,3,53,12,66,51,18,68,16,45,69,54,11,4
The best distance is: 3476.55
The result is generation: 200 of popsize: 100 of ST70.tsp14,30,59,28,70,57,15,25,18,8,43,23,65,4,66,21,16,51,67,46,69,12,34,42,2,26,35,61,39,27,10,29,38,52,13,64,9,44,6,36,49,11,41,20,68,50,53,7,1,56,33,32,40,47,19,55,63,54,58,37,22,45,48,17,3,60,31,62,5,24
The best distance is: 3490.22
The result is generation: 50 of popsize: 10 of KROA100.tsp85,33,84,61,48,3,81,94,49,67,96,73,55,39,50,97,46,6,42,13,71,53,59,65,72,78,31,27,45,37,16,99,68,41,12,19,26,58,54,92,38,15,47,23,93,8,63,74,100,95,87,24,17,66,5,82,21,89,56,30,36,9,22,70,91,44,83,90,32,14,62,80,11,98,4,1,29,77,52,40,75,43,76,64,10,28,60,79,2,18,69,34,25,88,7,51,35,86,57,20
The best distance is: 164439.66
The result is generation: 100 of popsize: 10 of KROA100.tsp55,80,41,15,78,96,82,83,53,58,62,18,28,71,91,52,23,8,60,27,42,21,44,11,49,50,73,85,69,17,93,13,30,81,72,46,76,77,90,5,59,1,34,4,65,9,84,33,20,24,14,57,45,54,95,100,43,25,56,2,36,68,31,47,74,79,32,51,64,92,63,86,22,7,40,75,61,67,35,26,87,89,70,10,16,88,66,97,48,19,12,98,38,94,6,39,3,37,29,99
The best distance is: 170096.42
The result is generation: 200 of popsize: 10 of KROA100.tsp42,98,85,100,90,12,83,8,49,80,41,76,69,64,93,94,58,46,27,10,13,22,75,35,21,91,77,87,63,88,89,84,28,99,56,70,33,81,50,86,45,57,4,55,34,53,65,72,29,25,62,16,79,51,60,30,74,92,20,52,66,48,1,73,44,82,17,32,43,14,59,18,54,5,6,7,23,67,26,3,19,47,15,71,78,31,97,96,95,2,24,39,9,40,68,36,38,11,37,61
The best distance is: 164159.38
The result is generation: 50 of popsize: 20 of KROA100.tsp62,3,84,37,65,94,56,39,81,92,89,20,75,12,86,24,58,82,19,88,27,79,23,10,2,69,99,50,25,30,60,33,48,21,45,52,40,46,67,47,44,97,61,54,66,36,11,6,15,71,26,29,38,16,77,43,85,13,95,74,7,14,22,83,96,41,57,32,87,78,31,63,93,17,8,53,4,72,70,80,34,42,68,35,5,90,91,9,76,49,59,51,100,1,28,73,64,18,98,55
The best distance is: 168063.61
The result is generation: 100 of popsize: 20 of KROA100.tsp47,17,19,95,22,93,14,89,4,73,8,67,35,81,61,40,79,10,65,59,60,63,90,12,94,2,33,21,70,80,64,45,85,5,97,39,38,49,55,30,44,96,54,72,82,68,99,86,87,15,53,62,24,27,13,9,52,76,43,20,71,100,91,26,75,28,31,41,11,42,1,74,77,98,7,66,92,23,84,6,46,56,16,83,18,50,57,88,51,78,48,36,37,58,3,69,25,34,32,29
The best distance is: 168062.28
The result is generation: 200 of popsize: 20 of KROA100.tsp32,17,4,13,63,7,2,74,50,75,89,24,62,36,14,37,95,5,99,96,82,12,85,21,81,94,26,31,80,1,86,77,78,3,27,61,40,42,64,39,28,90,66,84,49,91,10,59,76,55,73,57,67,44,97,83,69,45,51,52,43,6,8,87,38,11,100,35,16,29,53,18,15,30,93,9,34,79,33,68,47,72,65,60,88,23,22,48,92,70,41,46,58,56,98,19,54,20,71,25
The best distance is: 163522.04
The result is generation: 50 of popsize: 50 of KROA100.tsp41,28,99,96,3,52,17,64,91,19,35,63,77,85,15,10,92,86,2,6,40,1,56,67,39,45,22,88,16,25,100,43,68,7,65,97,38,94,8,95,23,13,31,36,73,42,70,37,34,11,74,30,89,55,83,59,32,33,66,12,72,18,90,53,78,98,75,4,46,76,57,80,50,14,61,60,20,82,84,24,49,9,44,93,5,21,79,47,71,26,69,27,81,58,87,29,54,51,48,62
The best distance is: 163849.99
The result is generation: 100 of popsize: 50 of KROA100.tsp70,54,76,51,92,41,4,28,10,53,32,66,78,40,77,75,93,26,44,100,79,60,84,83,57,22,69,17,35,5,50,99,43,12,87,67,6,85,7,24,8,1,15,36,97,59,34,64,81,73,96,58,13,37,90,46,91,74,82,61,48,49,98,47,19,2,88,86,68,29,33,30,55,42,21,31,20,3,25,16,11,38,65,63,45,23,80,18,95,52,94,27,39,89,9,14,71,62,72,56
The best distance is: 163778.19
The result is generation: 200 of popsize: 50 of KROA100.tsp22,38,96,93,3,88,16,99,95,60,59,80,81,37,40,53,61,19,32,23,18,64,83,56,11,71,31,33,72,74,97,25,76,54,87,63,85,67,90,29,39,26,82,1,10,6,17,45,34,8,89,27,21,28,9,7,86,36,79,94,62,50,15,84,4,42,13,51,30,35,92,52,57,78,100,55,2,49,91,70,73,69,43,46,47,77,44,65,20,12,41,48,98,24,14,68,5,66,75,58
The best distance is: 160771.55
The result is generation: 50 of popsize: 100 of KROA100.tsp87,10,89,7,67,45,31,61,86,8,97,24,95,41,46,29,44,73,19,16,22,27,77,83,23,4,99,3,2,38,9,49,26,47,43,39,14,54,15,72,82,65,94,75,88,53,25,12,51,35,30,63,93,92,91,64,98,21,34,17,80,55,18,100,36,52,58,33,69,70,50,32,62,57,42,37,68,74,66,76,48,81,71,56,6,5,85,11,20,13,40,96,84,90,78,59,28,1,79,60
The best distance is: 164276.26
The result is generation: 100 of popsize: 100 of KROA100.tsp62,20,27,100,94,13,44,91,54,38,36,53,2,39,7,96,98,25,84,46,40,69,60,17,33,34,58,3,45,31,37,48,67,55,97,18,15,99,74,22,9,52,8,57,68,6,4,95,11,29,16,93,49,1,75,14,42,32,65,63,66,30,23,92,12,61,71,87,78,21,88,56,24,59,86,5,82,90,72,51,79,19,85,89,28,47,70,50,76,73,10,80,43,83,26,35,81,64,77,41
The best distance is: 164259.9
The result is generation: 200 of popsize: 100 of KROA100.tsp50,56,73,44,53,33,62,61,97,7,95,98,3,58,84,25,31,40,59,79,46,90,32,12,11,35,48,23,57,2,88,43,42,100,89,96,28,67,81,9,71,47,82,85,39,66,65,36,4,68,87,75,15,5,13,45,78,34,41,20,83,55,17,6,80,93,27,63,99,94,26,38,60,92,77,69,54,52,21,72,30,10,24,76,1,22,49,19,74,18,14,29,86,16,91,51,64,8,37,70
The best distance is: 166065.44
The result is generation: 50 of popsize: 10 of KROC100.tsp16,84,26,43,83,85,61,25,41,49,6,55,33,81,80,86,62,98,45,88,13,93,99,11,82,72,50,30,19,9,46,34,66,29,59,47,37,31,95,21,79,89,7,58,35,22,75,24,53,15,28,38,78,70,2,97,94,8,42,12,36,3,91,96,14,18,73,71,92,56,39,65,20,57,76,27,63,48,68,77,52,5,74,40,87,100,90,1,69,51,67,54,64,23,10,17,44,60,32,4
The best distance is: 163471.33
The result is generation: 100 of popsize: 10 of KROC100.tsp23,41,14,66,99,28,27,84,3,59,18,5,17,97,25,68,38,6,40,31,93,9,42,77,73,79,12,98,63,62,82,75,39,32,34,86,71,8,80,81,19,95,76,51,7,4,96,44,78,92,10,74,53,43,87,52,13,61,67,1,33,60,45,88,57,90,94,35,55,69,11,58,48,37,91,70,36,50,89,100,26,24,83,47,49,20,54,16,65,2,64,21,22,30,56,29,15,85,46,72
The best distance is: 163921.43
The result is generation: 200 of popsize: 10 of KROC100.tsp6,97,50,18,7,36,53,49,62,31,25,35,73,9,92,84,47,38,37,5,78,8,66,19,39,11,20,79,76,10,96,12,88,46,81,26,91,61,99,27,40,55,32,41,77,14,43,75,48,60,63,29,2,15,1,16,82,98,23,68,58,72,28,80,54,30,85,67,4,65,70,57,90,89,94,69,93,44,13,56,21,86,24,17,71,95,34,3,83,59,74,45,100,22,64,42,87,33,51,52
The best distance is: 162148.02
The result is generation: 50 of popsize: 20 of KROC100.tsp87,92,80,11,49,96,77,27,82,36,37,95,33,35,53,6,91,39,2,81,16,54,40,45,10,58,93,47,19,3,34,86,68,7,71,73,32,100,14,4,70,74,64,63,78,12,66,29,84,48,8,18,26,62,5,97,65,42,38,23,46,44,72,9,88,98,13,67,94,55,75,15,31,17,20,59,51,56,41,57,30,83,90,22,43,61,89,60,28,50,25,21,1,69,99,79,24,52,76,85
The best distance is: 162547.53
The result is generation: 100 of popsize: 20 of KROC100.tsp3,73,76,4,55,1,71,96,13,63,52,56,98,31,70,59,83,19,74,82,67,28,53,69,45,77,18,97,32,33,47,22,27,25,30,8,92,85,60,84,65,44,99,58,38,46,2,37,91,75,64,90,15,20,62,16,87,21,26,35,17,43,5,14,80,68,66,78,81,94,34,57,41,89,29,12,7,9,10,88,42,50,49,72,79,39,95,93,23,100,61,40,6,51,11,54,48,86,24,36
The best distance is: 165771.61
The result is generation: 200 of popsize: 20 of KROC100.tsp94,29,100,56,64,40,24,90,46,37,51,80,62,63,39,31,12,18,26,42,22,34,76,50,91,74,33,3,32,66,1,55,83,10,38,77,4,16,95,27,36,86,53,19,99,84,98,23,47,54,5,85,9,96,67,20,81,75,68,82,13,2,44,14,71,73,87,28,49,92,93,7,17,59,72,78,6,35,57,69,11,61,43,60,97,70,89,21,15,8,79,48,52,65,58,25,30,88,45,41
The best distance is: 163322.51
The result is generation: 50 of popsize: 50 of KROC100.tsp42,61,38,51,95,35,100,99,12,68,65,2,50,8,6,66,14,24,4,17,33,93,57,46,19,59,28,81,18,71,62,85,27,60,88,32,67,98,1,76,63,25,43,31,10,21,30,89,36,53,56,40,41,80,83,74,52,64,20,3,44,26,7,55,69,13,79,39,96,84,23,75,45,29,37,77,22,34,82,78,16,15,47,86,87,91,49,72,58,70,54,90,73,92,94,48,5,11,9,97
The best distance is: 165674.08
The result is generation: 100 of popsize: 50 of KROC100.tsp40,94,88,58,52,30,71,72,64,96,12,87,28,49,50,23,60,69,65,26,2,98,42,45,53,48,100,89,41,4,63,46,24,78,90,21,22,66,43,27,79,57,18,76,17,35,67,55,3,39,61,15,99,86,59,62,10,31,25,70,54,34,47,5,77,16,7,73,19,75,13,29,81,93,11,92,20,85,9,74,6,83,37,44,68,1,33,91,95,80,84,82,8,38,36,32,56,97,51,14
The best distance is: 162579.86
The result is generation: 200 of popsize: 50 of KROC100.tsp83,8,44,74,3,18,51,24,49,75,89,20,46,72,69,1,71,54,39,92,48,30,58,23,97,35,55,53,26,16,27,29,90,96,52,45,12,17,67,9,62,98,78,5,99,57,77,80,60,10,66,100,15,21,63,61,25,88,81,33,91,50,32,79,38,13,76,22,7,56,6,40,2,68,85,70,95,59,84,47,41,93,14,64,28,36,11,19,34,65,4,82,94,42,31,43,87,73,37,86
The best distance is: 163120.07
The result is generation: 50 of popsize: 100 of KROC100.tsp79,91,19,11,31,30,96,77,64,40,32,52,14,3,97,47,90,17,88,58,1,8,35,51,46,92,48,68,93,29,53,4,22,60,81,21,80,76,73,84,71,63,94,28,37,6,49,38,5,83,44,2,20,34,99,45,18,100,57,66,39,33,15,25,95,16,87,26,98,7,36,9,43,78,41,85,59,27,86,55,23,82,69,72,74,24,61,10,50,56,67,42,54,12,70,89,75,13,65,62
The best distance is: 162750.57
The result is generation: 100 of popsize: 100 of KROC100.tsp99,6,58,15,29,85,39,55,72,70,33,83,17,62,19,34,79,32,28,98,59,67,73,10,41,30,45,31,64,57,92,38,47,76,71,4,56,26,11,89,86,46,7,1,80,82,74,87,23,61,53,51,84,49,78,97,63,66,18,81,27,69,2,5,43,90,16,50,12,52,77,20,100,88,65,24,35,91,42,14,21,44,25,13,60,48,37,95,93,8,75,68,40,94,3,36,54,96,22,9
The best distance is: 164561.13
The result is generation: 200 of popsize: 100 of KROC100.tsp31,17,2,98,50,89,14,100,39,24,22,40,79,10,37,18,95,48,82,75,15,57,66,25,11,60,71,90,86,99,49,80,32,8,92,91,68,55,45,52,81,51,62,42,43,69,46,47,21,70,7,30,53,85,3,63,93,34,97,19,64,77,29,58,28,56,73,27,5,20,72,96,94,54,35,4,87,33,88,61,26,78,59,67,76,38,74,9,36,16,41,23,83,13,12,84,6,44,1,65
The best distance is: 163704.74
The result is generation: 50 of popsize: 10 of LIN105.tsp17,105,67,88,35,16,65,27,29,70,40,92,79,43,60,59,62,31,10,45,44,73,100,51,64,37,12,34,19,21,24,50,97,28,74,30,91,42,54,82,13,66,58,47,20,53,98,55,69,5,23,9,7,95,41,99,1,52,32,63,39,26,3,15,76,72,38,83,101,75,94,96,18,56,14,4,61,49,87,77,86,93,6,68,48,85,46,11,22,90,89,71,8,81,103,102,2,57,80,33,104,84,25,78,36
The best distance is: 124564.99
The result is generation: 100 of popsize: 10 of LIN105.tsp37,30,4,86,13,32,27,8,41,16,35,59,65,34,67,63,52,93,72,77,21,75,48,25,5,38,96,61,50,45,99,66,22,100,88,39,68,56,28,92,46,44,94,76,54,49,85,84,70,95,82,1,55,102,7,33,43,15,80,10,51,98,23,73,18,26,83,53,36,103,47,79,29,91,81,105,104,78,57,69,64,20,17,40,74,42,90,101,14,62,89,2,6,60,58,24,11,97,3,31,12,19,71,9,87
The best distance is: 123705.75
The result is generation: 200 of popsize: 10 of LIN105.tsp30,95,96,23,29,85,44,7,13,81,71,18,51,25,49,45,53,17,27,98,80,60,67,94,77,8,90,93,99,69,88,58,55,68,59,4,39,78,104,41,28,103,31,35,76,79,46,12,37,1,65,101,73,11,72,48,33,20,24,70,21,91,84,63,64,74,15,54,36,22,97,10,50,86,52,34,83,32,102,40,57,43,16,82,9,14,56,105,87,5,61,89,47,26,3,42,38,2,66,75,92,6,62,100,19
The best distance is: 119937.25
The result is generation: 50 of popsize: 20 of LIN105.tsp15,77,84,74,66,14,54,61,41,86,21,24,92,64,83,59,31,93,69,76,19,45,49,1,16,89,87,102,100,44,98,95,17,7,88,90,33,2,46,50,12,85,58,65,51,27,10,60,78,34,40,82,47,30,80,103,104,96,53,32,11,94,48,26,9,25,5,99,23,42,38,4,68,105,37,29,63,8,79,71,39,6,3,70,72,36,18,56,73,13,52,91,28,22,57,62,97,101,67,75,81,20,35,43,55
The best distance is: 116445.39
The result is generation: 100 of popsize: 20 of LIN105.tsp15,24,89,1,47,7,74,64,23,77,46,49,33,62,91,22,85,82,93,67,25,12,86,76,38,105,72,88,52,36,44,26,37,21,97,95,104,53,4,2,101,40,56,96,28,14,92,60,69,59,10,13,57,75,42,5,103,78,3,43,50,99,100,84,9,83,31,90,70,71,61,80,79,45,32,41,68,66,65,18,27,17,63,29,81,48,87,58,55,102,73,19,30,11,6,8,35,20,54,16,34,39,94,51,98
The best distance is: 117850.81
The result is generation: 200 of popsize: 20 of LIN105.tsp79,76,93,95,72,100,55,87,36,78,13,69,65,58,30,86,33,2,49,99,24,10,81,89,57,8,28,4,98,45,71,11,80,26,68,32,22,29,23,25,20,27,17,75,96,101,31,18,14,19,16,37,91,92,35,102,59,44,64,104,46,51,40,94,42,97,52,90,54,56,85,83,53,9,70,88,39,41,105,84,7,66,12,77,60,34,62,82,73,67,38,3,43,47,48,103,21,61,5,63,50,15,6,74,1
The best distance is: 116347.96
The result is generation: 50 of popsize: 50 of LIN105.tsp90,42,68,92,49,91,69,65,96,34,16,10,83,98,26,36,101,97,43,104,57,35,85,25,55,9,37,100,99,2,41,22,52,74,105,4,18,20,29,94,66,60,23,30,45,38,13,28,24,61,89,47,21,1,81,87,19,77,48,33,76,56,12,79,50,62,71,32,67,58,64,59,73,11,88,63,40,82,80,93,46,31,27,95,84,5,78,6,7,15,86,39,14,72,53,103,17,70,8,3,102,75,44,54,51
The best distance is: 117020.93
The result is generation: 100 of popsize: 50 of LIN105.tsp85,25,37,38,15,43,64,8,19,73,44,75,23,78,83,63,102,49,59,9,45,34,39,93,98,80,103,21,30,32,92,22,46,16,1,50,35,67,65,91,26,70,88,74,94,47,71,3,2,55,51,97,60,33,68,72,57,77,6,42,101,79,62,66,4,56,89,48,7,29,86,5,10,52,36,81,27,105,40,82,41,11,87,20,13,61,96,31,12,24,76,100,53,58,95,99,69,18,17,14,90,84,28,104,54
The best distance is: 117471.57
The result is generation: 200 of popsize: 50 of LIN105.tsp3,24,4,91,96,94,103,33,104,59,28,77,9,100,35,101,90,74,56,51,25,41,80,58,36,75,48,6,27,99,95,61,88,23,97,105,67,46,70,11,2,73,14,50,76,16,55,86,79,85,44,92,84,54,65,17,7,52,57,82,13,64,8,40,83,63,39,20,47,15,10,81,68,26,32,21,18,30,34,78,12,22,31,93,38,1,89,60,66,71,45,29,19,49,69,5,98,53,72,102,62,37,87,42,43
The best distance is: 118601.29
The result is generation: 50 of popsize: 100 of LIN105.tsp75,59,56,12,35,36,39,22,14,100,76,17,50,23,24,91,98,27,95,96,42,6,51,83,7,44,68,58,60,97,37,69,101,86,103,28,49,1,34,94,67,71,54,47,26,66,15,80,70,61,104,16,46,20,87,2,29,64,31,40,30,9,82,8,13,72,65,74,84,55,81,105,90,52,53,21,88,19,79,93,25,43,92,62,5,3,18,102,99,89,45,41,73,33,63,48,11,85,32,10,4,38,57,77,78
The best distance is: 118601.81
The result is generation: 100 of popsize: 100 of LIN105.tsp38,41,52,83,70,6,15,65,30,34,55,13,17,12,57,19,3,99,48,54,45,53,81,93,79,31,66,39,73,1,32,72,96,46,36,22,104,5,47,62,75,27,20,90,102,63,101,56,42,103,69,16,21,33,82,43,80,89,60,2,88,67,84,29,64,4,61,51,97,37,24,76,26,10,25,8,87,91,40,23,100,74,68,58,59,49,35,44,95,14,98,92,94,105,7,71,11,50,18,28,9,86,77,85,78
The best distance is: 118102.44
The result is generation: 200 of popsize: 100 of LIN105.tsp46,94,54,4,22,21,5,60,57,61,43,56,105,81,95,92,44,49,26,71,72,32,97,33,87,91,65,39,104,14,55,83,41,82,58,17,28,86,50,7,78,99,77,2,75,51,67,73,52,19,30,25,102,36,16,89,1,96,11,88,3,29,40,9,12,76,80,74,34,98,64,53,27,8,23,79,20,24,45,35,84,31,47,13,103,66,69,15,42,63,90,70,93,48,18,101,85,68,37,38,10,6,59,62,100
The best distance is: 120284.11
The result is generation: 50 of popsize: 10 of PCB442.tsp350,128,242,425,382,214,100,75,92,360,230,13,388,421,386,320,340,256,424,136,288,164,430,366,341,141,376,415,125,35,417,41,273,95,225,292,199,118,146,246,172,359,221,380,105,326,329,333,279,365,339,20,264,167,438,287,175,188,24,403,44,120,62,6,300,191,408,367,90,411,129,131,11,101,250,244,123,304,211,111,278,401,286,436,83,210,151,59,84,409,252,36,71,296,330,150,80,51,15,39,393,372,81,112,348,306,1,43,405,117,263,182,17,77,68,76,27,16,291,48,98,298,307,61,412,418,274,354,383,353,323,45,314,228,277,434,406,10,86,222,245,204,21,209,64,318,414,7,38,198,345,181,9,159,357,431,224,284,266,223,147,358,114,303,229,379,397,82,60,189,236,317,325,423,187,440,328,108,133,52,234,93,344,153,248,243,255,12,237,404,42,259,368,163,407,356,89,437,155,439,260,231,385,257,158,327,142,394,308,14,37,18,371,377,139,178,336,416,203,343,355,389,352,251,413,373,162,305,79,46,116,135,145,85,241,130,369,374,238,213,381,56,196,138,65,219,351,254,78,121,55,170,390,124,249,180,165,127,396,47,216,316,410,267,70,262,240,378,201,113,220,206,208,315,258,218,176,190,29,66,171,96,270,122,174,2,391,322,173,427,347,54,441,346,26,331,370,426,311,363,202,143,53,282,276,149,271,144,126,179,235,269,313,281,338,334,233,226,22,375,324,400,148,301,275,184,319,429,398,294,115,97,290,195,402,399,88,109,342,177,205,134,132,140,137,420,232,442,50,272,3,247,297,335,91,419,106,4,186,185,312,30,200,261,361,299,349,217,194,422,69,293,169,387,321,152,207,309,332,295,40,433,73,168,103,428,285,5,102,253,33,119,432,212,197,364,239,63,19,280,265,74,23,110,49,32,104,289,31,435,67,160,25,154,34,99,157,183,283,58,156,310,8,392,192,166,395,87,94,227,57,362,193,215,161,72,302,28,107,337,384,268
The best distance is: 761178.1
The result is generation: 100 of popsize: 10 of PCB442.tsp115,4,172,184,162,334,235,211,247,379,46,310,3,185,220,299,63,75,11,31,25,405,243,404,159,225,121,71,272,349,295,122,143,160,301,191,66,175,338,318,189,131,286,104,36,180,296,324,266,48,219,87,91,117,343,273,176,47,290,20,228,381,378,315,260,410,68,216,37,137,384,300,112,34,248,281,374,278,62,236,241,16,170,52,328,414,423,145,322,395,155,316,126,399,57,382,200,259,388,269,17,78,230,313,366,434,19,80,335,128,188,153,134,339,181,342,294,389,438,361,380,441,252,283,306,1,53,336,268,363,96,229,165,246,375,356,323,5,329,245,198,7,354,55,135,340,43,187,341,179,146,190,79,113,305,149,177,426,9,238,56,367,396,32,54,194,387,321,285,394,29,436,350,376,429,232,152,417,139,50,197,277,12,267,347,13,292,240,298,90,169,401,129,2,28,397,97,271,213,98,151,116,383,23,234,22,327,132,141,101,93,84,261,167,432,435,412,73,105,428,392,308,408,186,45,148,264,109,106,41,204,275,49,173,107,26,430,302,103,400,119,256,433,360,332,61,255,222,422,178,142,39,373,377,348,352,419,358,287,320,371,393,174,297,207,282,274,254,201,359,223,427,224,21,217,391,44,163,144,88,156,58,124,390,195,40,304,326,231,284,439,353,370,24,18,110,42,171,442,202,127,38,258,193,182,51,406,72,14,27,67,76,158,212,10,251,82,431,355,253,102,92,221,99,369,362,416,407,108,345,331,364,208,262,64,293,337,168,199,257,30,425,157,161,244,154,330,403,74,215,130,250,421,140,409,303,164,60,239,118,33,437,424,265,218,368,333,123,344,386,249,365,209,242,307,440,35,227,385,233,314,291,319,420,270,415,398,114,95,237,15,289,138,150,100,346,276,77,86,372,69,413,70,402,205,8,357,133,210,120,81,125,89,136,312,183,263,226,411,94,192,65,325,418,166,85,59,6,214,279,203,311,147,288,280,351,83,309,206,317,111,196
The best distance is: 759099.83
The result is generation: 200 of popsize: 10 of PCB442.tsp164,275,136,59,290,85,335,325,228,251,76,276,402,414,191,185,258,374,2,121,309,22,300,440,364,272,316,360,82,262,204,168,220,331,334,198,230,177,311,183,187,18,413,153,159,173,103,149,279,282,73,89,385,365,72,114,199,409,439,47,125,20,200,418,298,4,353,329,423,171,108,119,293,387,192,194,321,297,315,127,430,95,256,326,213,90,148,239,5,363,69,223,77,233,144,19,263,142,178,169,399,318,21,231,113,284,10,376,16,404,288,218,75,400,170,32,419,377,214,157,52,252,81,208,438,384,314,158,435,48,405,132,253,74,39,379,195,222,143,99,172,323,371,278,410,51,155,174,248,110,259,305,301,151,310,55,53,216,269,393,264,161,8,152,347,307,234,64,112,320,415,67,201,268,306,289,156,79,207,295,180,299,29,349,229,398,391,209,24,56,129,206,179,425,96,80,432,265,167,257,260,105,54,11,165,31,429,211,217,130,392,68,441,71,33,215,109,3,271,397,406,240,26,30,134,442,193,281,66,380,358,411,7,372,401,49,235,436,378,128,224,255,137,332,50,12,395,250,40,381,246,294,28,38,86,303,58,123,302,245,267,140,386,138,124,296,101,97,328,13,154,219,184,344,428,343,118,61,362,351,166,368,338,361,227,396,352,163,345,375,212,249,98,304,273,322,426,355,221,327,205,420,403,131,308,261,91,27,373,146,117,346,407,340,43,1,287,356,65,182,266,390,324,422,237,382,111,236,270,388,350,417,313,126,88,190,100,41,62,45,186,247,83,243,181,274,135,42,342,333,25,369,283,196,37,421,244,122,162,357,232,94,416,60,317,9,14,147,36,115,434,104,412,102,63,383,225,141,34,280,389,202,70,424,23,84,312,341,44,17,277,408,133,188,367,107,145,292,150,15,431,359,92,116,348,176,319,6,394,337,286,366,291,175,437,336,242,210,339,139,433,160,93,78,120,427,241,285,254,370,197,106,46,57,226,238,203,87,35,330,354,189
The best distance is: 761765.72
The result is generation: 50 of popsize: 20 of PCB442.tsp353,349,239,250,233,46,175,118,218,243,50,214,208,258,122,23,255,138,101,423,136,131,237,108,347,390,228,62,172,241,69,276,399,107,167,170,190,86,196,411,248,179,435,318,126,220,128,87,185,21,299,295,4,155,264,41,135,369,375,19,320,434,386,432,121,61,116,157,265,303,341,345,18,75,74,317,81,315,169,257,426,305,391,307,7,207,392,124,221,133,362,194,298,32,184,109,360,383,11,91,402,68,71,176,145,149,44,219,112,420,351,403,328,398,374,76,202,6,247,378,275,273,427,358,380,240,181,433,100,114,209,199,422,246,359,424,53,293,442,404,43,34,89,58,104,313,83,421,8,210,322,17,212,13,14,20,60,431,331,327,102,267,372,125,277,412,55,103,31,278,5,192,342,151,414,98,366,329,59,140,94,281,166,106,417,232,159,160,363,287,49,297,144,285,205,28,45,142,178,27,16,418,42,408,217,381,141,428,324,223,429,336,174,302,137,440,272,253,338,171,290,148,288,204,206,162,365,85,439,84,97,407,356,311,215,339,361,437,355,332,197,37,280,330,340,263,130,216,333,203,343,416,244,262,111,154,10,438,77,377,231,200,335,271,188,387,180,409,40,323,90,346,425,229,348,9,393,325,2,235,99,56,88,291,296,47,82,259,334,270,195,65,24,191,234,283,15,163,177,284,213,405,352,115,269,225,123,245,395,256,394,301,36,164,117,251,252,292,312,105,12,354,134,92,146,193,189,321,319,368,406,260,186,350,150,129,26,198,201,147,113,30,132,385,78,304,389,79,306,268,70,161,120,35,310,373,236,238,57,152,96,38,314,227,430,254,382,67,242,119,357,337,73,224,367,436,397,29,93,344,33,300,168,279,415,316,282,413,326,376,39,139,22,153,51,410,72,261,396,48,54,230,1,371,222,441,156,294,370,127,80,211,274,52,95,64,143,226,183,25,110,401,63,266,3,364,187,308,249,400,66,309,388,173,158,379,419,286,384,182,165,289
The best distance is: 770663.48
The result is generation: 100 of popsize: 20 of PCB442.tsp393,166,399,423,378,69,238,53,257,240,333,233,202,232,284,349,201,311,377,85,282,37,170,436,24,77,379,54,200,358,337,369,183,181,151,280,246,88,341,411,315,134,82,12,356,136,9,34,339,243,176,83,396,193,32,323,60,49,11,43,80,207,189,382,155,414,437,115,335,352,228,268,261,110,10,114,137,288,73,334,133,150,279,178,204,406,58,107,56,216,276,211,111,274,65,167,7,434,101,129,64,126,175,3,14,2,213,30,271,390,407,330,229,294,190,404,420,48,173,324,95,47,226,62,61,351,415,340,87,413,245,263,182,370,368,131,380,329,442,215,20,347,75,287,373,72,372,251,391,419,310,295,222,309,132,252,74,424,303,86,314,298,117,163,364,209,174,168,118,93,50,388,242,400,154,367,290,395,205,142,387,51,366,422,416,57,128,71,25,359,192,79,59,306,253,381,35,325,293,169,331,91,45,394,230,187,291,289,328,355,206,348,255,1,239,161,398,313,250,198,44,286,376,305,104,217,365,146,262,63,435,125,285,264,363,260,4,296,113,81,94,195,392,440,40,320,84,428,138,185,164,386,259,52,362,410,283,218,108,231,123,345,353,307,42,418,194,300,254,124,212,425,297,265,224,144,99,55,227,162,221,225,196,409,68,16,275,105,321,258,244,237,119,432,15,312,98,344,106,338,301,39,116,431,402,147,157,299,188,248,374,326,70,165,397,308,199,438,249,417,223,36,429,247,319,360,426,103,357,430,186,241,375,256,180,96,383,412,5,266,149,235,141,214,127,130,177,76,67,389,273,152,17,346,385,158,433,19,322,121,220,278,401,336,8,145,21,33,179,172,135,122,332,281,210,46,156,272,184,327,269,405,219,112,139,342,318,354,41,102,18,343,6,191,277,203,384,304,26,159,350,171,13,100,267,439,270,148,97,22,421,361,208,441,160,109,31,316,371,427,28,23,403,92,234,197,236,27,38,89,90,317,120,29,140,292,78,302,408,143,66,153
The best distance is: 762917.07
The result is generation: 200 of popsize: 20 of PCB442.tsp290,284,171,226,160,68,64,176,189,80,175,327,395,314,370,161,313,130,431,410,366,250,345,186,265,390,87,10,392,193,224,127,178,169,435,75,112,31,12,384,232,172,163,118,351,91,90,383,131,46,47,262,440,280,350,269,203,128,165,179,372,182,297,343,150,26,421,107,438,1,325,42,17,246,15,32,416,394,258,420,433,303,311,152,197,352,20,296,44,283,378,360,223,222,323,210,156,129,146,198,291,63,200,238,14,322,374,399,307,261,230,315,229,83,177,266,214,252,342,251,109,412,321,292,72,367,235,218,391,21,141,272,259,341,401,53,190,13,326,38,369,110,402,88,79,335,396,52,404,397,243,116,19,221,4,346,30,273,379,212,43,206,309,439,23,422,248,294,289,122,119,28,275,363,355,99,95,430,295,409,89,104,7,191,373,71,3,312,257,37,70,113,320,135,48,418,411,301,115,271,260,81,153,319,92,407,332,94,386,228,263,56,6,204,344,385,209,318,22,338,300,365,137,424,45,117,426,41,157,82,51,408,278,201,143,55,133,375,441,239,62,50,356,105,279,174,377,123,134,398,334,298,140,368,264,147,78,317,276,417,25,114,192,337,60,242,59,277,427,8,304,173,414,382,57,286,33,126,358,74,40,208,34,2,387,16,237,436,5,100,354,306,84,180,419,144,225,234,405,98,111,183,166,149,362,207,434,151,103,168,124,61,213,18,148,437,245,142,125,376,97,403,231,136,247,389,164,196,155,101,254,413,256,415,336,429,331,138,217,227,73,388,29,371,205,121,102,96,361,333,139,36,381,287,330,244,293,249,349,54,220,348,184,27,270,106,255,359,11,425,185,233,167,108,380,49,299,268,423,324,267,288,67,310,353,316,195,281,77,211,285,162,65,302,199,219,241,202,400,282,406,305,240,328,188,442,393,329,86,76,158,347,170,215,159,274,308,364,145,120,194,24,69,216,339,93,181,85,39,253,154,9,187,35,428,58,432,357,66,236,132,340
The best distance is: 764080.47
The result is generation: 50 of popsize: 50 of PCB442.tsp118,84,20,198,116,404,147,376,168,244,419,227,221,401,109,217,399,53,420,66,91,299,332,11,175,310,163,324,352,158,363,311,190,295,304,119,381,392,375,127,48,56,105,36,167,388,45,131,54,7,380,231,76,416,216,17,349,242,24,161,32,192,99,298,405,57,379,377,290,197,180,418,252,225,435,30,130,315,151,183,126,253,31,123,409,86,345,365,153,92,60,28,374,159,64,211,79,224,219,285,107,121,194,360,213,101,229,142,67,150,359,154,371,108,112,203,103,400,115,40,145,10,236,335,344,73,263,386,193,162,3,339,9,16,370,406,81,29,325,274,336,289,318,415,255,102,279,71,323,306,164,88,176,264,342,321,330,2,232,94,19,204,188,144,169,186,240,96,249,146,414,267,222,254,136,166,305,262,113,100,23,413,258,432,297,226,34,337,269,314,313,27,97,437,300,120,218,288,316,384,396,239,334,287,160,78,280,245,367,412,230,171,122,270,303,417,80,382,82,185,149,25,70,317,408,51,43,425,172,52,95,329,237,410,354,12,327,37,68,55,26,93,291,212,22,8,205,206,294,378,319,39,13,181,281,398,302,433,184,246,268,165,362,170,250,340,286,49,347,157,361,106,187,355,372,178,1,69,390,35,155,260,220,228,89,322,129,200,387,177,74,134,137,411,356,128,293,256,368,132,366,138,4,223,179,209,301,62,110,208,351,426,266,87,331,243,326,261,143,38,278,195,111,135,309,77,364,283,338,343,265,307,312,440,441,248,434,33,15,424,282,72,357,308,273,41,42,58,14,139,296,75,276,189,358,85,133,90,214,350,21,389,393,61,353,215,439,422,403,114,430,182,44,83,210,207,394,436,141,369,346,395,124,391,156,50,6,251,272,201,427,292,202,373,152,140,438,173,348,333,18,328,63,397,241,125,234,5,196,47,320,402,247,277,383,65,59,235,233,421,423,385,191,341,431,104,284,442,46,271,259,257,174,148,275,429,238,117,98,199,428,407
The best distance is: 756794.65
The result is generation: 100 of popsize: 50 of PCB442.tsp64,53,302,238,214,354,209,1,361,126,435,353,433,172,34,249,26,225,167,380,357,248,292,145,81,110,308,273,400,244,47,39,31,59,250,270,18,19,304,171,320,326,221,192,240,75,328,372,418,218,401,216,104,21,150,35,168,421,90,370,147,383,251,116,336,298,363,413,183,227,314,71,376,404,345,268,57,440,89,338,25,188,124,213,70,275,402,177,257,8,424,403,414,432,265,241,76,115,162,393,305,307,37,438,197,367,278,390,274,154,429,311,319,331,366,386,348,88,127,191,364,107,287,139,181,63,426,163,322,344,229,276,17,125,269,313,385,123,358,152,189,29,119,441,417,158,130,7,86,68,105,299,113,79,228,317,101,141,332,263,51,128,175,220,324,245,215,52,137,117,2,337,146,56,423,103,310,129,329,434,239,28,166,178,202,254,407,169,236,174,61,122,436,12,362,97,82,41,356,360,14,6,9,160,219,405,339,373,233,398,200,242,210,442,346,301,262,30,195,10,293,343,281,205,43,199,271,164,96,431,389,288,84,136,341,85,32,92,368,133,211,94,15,203,235,201,186,340,134,5,290,83,106,437,378,156,252,285,359,297,165,65,256,334,399,279,397,316,396,412,93,296,180,55,187,266,149,232,20,38,323,384,95,118,321,22,351,161,173,392,36,157,381,11,77,350,246,260,114,208,182,196,425,415,207,277,411,69,142,237,42,138,325,327,151,286,416,50,387,247,365,185,108,335,243,430,159,179,193,204,44,394,284,198,395,153,58,352,222,282,420,140,406,300,264,280,131,388,283,62,355,49,67,78,408,27,170,315,100,371,349,309,135,272,80,24,226,379,303,223,253,382,342,347,333,295,74,231,111,410,374,258,155,120,267,391,4,54,259,40,419,184,99,261,291,46,234,294,73,16,98,148,121,289,377,409,369,206,33,60,87,13,190,428,375,48,112,23,109,312,72,194,45,91,318,132,217,427,439,66,255,212,306,330,143,3,144,230,224,102,422,176
The best distance is: 758236.97
The result is generation: 200 of popsize: 50 of PCB442.tsp150,266,23,155,128,256,201,84,57,62,403,165,28,222,47,206,238,185,226,48,388,315,378,151,310,118,42,245,331,64,9,197,144,99,212,134,352,371,347,207,86,380,208,183,220,154,370,138,89,109,68,382,44,161,188,65,227,386,17,115,19,217,313,107,323,69,376,369,246,233,85,279,43,187,192,265,362,215,316,381,216,365,335,133,406,170,168,103,359,298,2,7,136,126,255,417,342,340,440,399,408,13,249,70,374,363,312,280,209,52,210,114,259,419,400,186,167,290,289,125,328,95,37,367,92,73,258,285,175,260,218,113,224,329,263,324,177,394,196,129,39,181,414,176,232,105,159,147,437,283,341,76,282,397,389,94,131,237,96,164,182,112,441,156,231,72,180,14,344,350,405,274,326,421,242,21,273,60,299,390,132,139,338,11,264,330,122,199,346,123,157,358,211,200,110,30,375,98,219,34,384,349,410,54,269,288,108,82,195,243,221,190,307,46,236,189,295,409,15,426,142,25,435,345,436,119,79,302,244,309,353,333,277,71,308,427,357,213,428,372,61,193,184,121,431,153,148,194,320,423,321,304,18,412,16,214,439,247,418,337,205,97,223,29,407,50,111,395,75,361,420,254,22,262,179,202,56,80,336,373,229,93,252,251,160,284,366,172,424,140,267,434,137,36,442,135,20,276,257,35,287,24,41,191,425,27,225,40,169,146,77,433,81,306,271,124,272,6,248,158,413,294,152,58,438,416,120,430,327,354,311,429,143,88,261,343,356,393,360,141,10,301,339,162,3,305,63,296,228,379,392,230,49,53,8,303,250,281,51,171,173,377,117,55,325,402,26,286,59,270,163,203,368,415,314,293,332,241,104,90,404,149,204,31,432,275,411,12,87,127,1,33,130,322,66,45,391,291,422,145,268,166,174,383,106,100,234,278,387,91,355,334,396,83,198,32,300,351,319,5,240,116,317,401,398,38,102,67,4,178,253,364,239,78,74,348,318,292,101,385,235,297
The best distance is: 756646.7
The result is generation: 50 of popsize: 100 of PCB442.tsp310,300,191,304,370,70,131,279,100,354,257,95,240,27,53,124,285,322,274,217,422,243,425,31,62,238,406,390,94,299,82,439,278,421,29,424,376,378,414,59,339,196,269,159,340,68,81,86,74,148,287,40,303,294,13,142,440,96,76,373,84,374,338,419,206,61,236,352,149,252,361,358,416,276,298,348,434,18,325,326,388,400,377,289,315,102,347,270,17,369,69,379,153,171,426,225,272,50,67,401,230,9,211,126,366,10,247,202,20,49,166,441,91,36,180,182,316,24,409,72,45,290,384,113,63,132,412,410,2,357,292,397,226,110,58,429,192,215,328,172,295,178,317,146,346,293,193,383,260,259,4,157,60,268,282,271,98,147,35,43,8,214,254,41,415,111,344,267,28,395,420,334,87,141,343,198,136,175,179,209,407,117,221,154,181,402,134,319,73,372,197,127,228,385,122,160,320,88,428,251,188,152,55,210,431,353,281,101,382,44,394,30,165,222,362,11,305,109,34,125,359,155,306,435,291,351,57,15,216,277,329,442,80,248,21,324,151,318,307,213,130,286,312,93,263,387,239,408,77,399,119,47,99,133,129,116,168,1,396,89,56,273,355,164,309,128,174,173,204,205,311,106,218,237,258,331,253,42,138,308,22,186,118,356,224,245,398,262,150,14,78,436,39,336,375,25,71,208,120,413,137,235,234,332,212,280,321,288,314,337,167,386,46,115,367,284,92,333,363,349,185,405,341,163,199,302,3,360,139,140,103,203,38,5,264,364,249,207,232,233,403,244,371,195,418,433,65,7,189,144,97,156,85,301,176,297,33,105,51,330,389,48,381,37,26,283,32,194,255,335,404,392,108,437,158,227,242,229,79,112,391,223,190,12,23,380,411,393,219,266,201,184,107,66,246,64,54,345,417,220,143,121,104,83,161,169,365,275,313,368,296,430,19,145,265,177,170,327,241,183,6,16,187,427,231,123,423,342,162,323,250,432,135,200,114,90,261,438,256,75,350,52
The best distance is: 760394.47
The result is generation: 100 of popsize: 100 of PCB442.tsp432,101,160,269,442,249,111,68,63,231,124,383,288,318,244,416,130,182,337,258,388,199,345,113,366,128,65,150,389,392,328,156,424,294,240,375,403,152,194,40,430,42,315,1,127,197,223,276,377,159,71,257,431,235,405,228,98,157,104,109,271,418,58,53,411,326,164,126,398,48,76,296,307,423,417,358,102,166,401,51,120,254,28,324,343,304,425,203,188,9,246,155,293,162,409,253,429,142,88,208,314,16,420,141,145,342,230,390,96,136,236,428,206,360,300,52,273,151,161,344,84,75,178,338,339,399,62,81,13,215,19,137,374,247,198,313,115,305,195,440,426,436,89,252,321,31,149,376,211,393,112,385,73,74,168,439,202,363,207,322,354,312,282,382,7,17,82,238,24,316,336,35,67,356,381,20,233,15,43,359,105,189,372,60,57,433,341,34,264,21,217,410,32,209,163,213,4,212,421,225,270,108,33,123,106,44,291,347,14,310,140,365,380,422,10,261,218,222,265,148,435,234,2,176,323,364,144,183,192,340,49,66,351,319,134,317,232,248,266,172,50,391,333,72,301,408,262,118,325,229,11,170,129,241,78,400,275,250,406,180,286,394,154,139,167,77,292,23,306,122,30,174,29,79,281,54,369,110,59,329,285,395,335,135,357,404,38,93,371,331,39,353,116,267,259,283,378,37,165,397,169,184,355,370,348,226,173,284,205,274,91,131,309,100,245,87,153,119,146,64,349,386,210,158,295,242,5,27,346,83,12,85,373,216,8,227,36,18,175,179,414,97,117,303,368,239,297,224,255,438,138,55,200,362,308,277,298,278,260,237,327,330,143,121,268,402,384,90,387,419,190,70,191,171,22,221,279,6,25,220,80,46,45,243,407,114,26,287,86,133,201,272,412,334,61,214,186,367,256,69,415,196,147,441,187,427,332,125,41,437,132,99,107,94,56,263,219,350,181,47,289,193,434,290,177,299,95,320,251,361,204,302,379,3,92,103,413,280,185,352,311,396
The best distance is: 759340.54
The result is generation: 200 of popsize: 100 of PCB442.tsp89,340,243,36,423,5,383,201,64,325,91,372,19,326,360,154,260,253,102,351,321,442,130,309,407,190,197,20,439,283,45,141,392,183,280,12,265,339,415,336,111,194,270,87,296,249,288,345,41,17,166,46,128,440,216,240,317,421,186,49,200,129,218,314,318,40,416,418,343,56,203,161,221,152,310,73,408,137,127,134,113,206,70,163,173,258,167,236,208,227,121,158,436,298,432,320,76,28,165,403,170,6,145,157,429,210,292,295,232,71,25,327,414,362,348,95,242,375,359,54,133,112,120,172,174,156,405,323,333,80,74,229,261,93,92,399,300,106,256,409,176,364,88,293,312,117,204,223,98,248,143,374,1,434,286,109,8,59,77,124,406,239,153,72,182,195,164,332,101,294,52,11,7,395,10,268,31,419,289,241,61,189,413,235,69,118,23,281,441,244,397,311,271,155,97,50,66,246,148,411,193,26,107,62,401,349,100,379,125,417,396,394,24,358,328,168,32,220,29,65,16,301,196,425,380,330,187,140,86,82,276,315,410,428,390,79,363,424,225,18,180,237,252,365,99,213,350,233,426,38,224,135,75,175,104,116,385,222,178,282,150,199,404,376,191,308,437,324,369,347,138,356,39,84,290,266,257,115,279,33,275,151,354,398,3,387,254,219,430,209,299,184,389,378,367,382,384,255,212,361,284,371,319,386,42,297,272,198,132,35,291,278,185,338,181,422,305,14,51,110,393,238,136,269,37,234,307,126,160,119,247,67,267,81,381,94,68,329,431,250,169,435,55,334,215,388,177,162,96,400,368,285,433,217,259,302,306,15,346,251,60,179,142,149,27,353,230,316,114,147,427,122,273,322,287,4,231,63,108,438,202,391,30,146,57,263,352,214,303,21,22,245,211,13,373,335,207,171,47,53,355,2,226,277,370,313,377,159,103,34,341,366,337,58,90,123,83,412,262,44,402,304,9,188,228,192,357,105,48,344,139,274,420,144,205,342,331,85,43,264,131,78
The best distance is: 756145.23
The result is generation: 50 of popsize: 10 of PR2392.tsp1057,1205,1287,1868,589,1361,1029,807,1537,1282,65,1673,2208,2103,245,2263,1269,2199,705,1330,2185,2004,1930,1689,85,367,1596,1658,1709,1135,2254,2252,1244,1514,1829,1084,1807,1939,1198,100,55,1955,2008,529,772,1076,453,2137,125,545,63,852,469,959,410,766,2174,528,1796,1160,619,1016,809,1837,598,315,2054,1858,1255,2212,842,439,2022,2195,35,698,2035,1353,1820,516,1600,1652,825,2345,1181,381,1570,1734,1329,1792,897,524,695,1964,1378,213,1669,1564,808,1044,1817,1222,1909,117,739,2191,2111,669,1382,854,1194,1086,1848,1196,1511,2138,2241,1634,522,2280,2236,1408,542,844,789,1409,258,878,1780,1588,2290,2278,755,1620,1786,687,1252,203,629,1384,1533,1468,880,1509,1455,391,1038,1154,1291,716,1793,2303,1922,109,1192,285,275,2176,2031,592,407,1278,622,1558,997,307,38,2010,1195,1851,901,1035,1958,1915,1098,299,1897,2037,1993,2249,81,1723,926,968,1276,1440,1089,2302,1573,304,2342,1149,1498,140,676,1256,1170,944,1399,1199,9,15,2314,505,2025,1464,1500,692,406,482,2027,2081,2136,466,1491,1379,1555,446,1725,1367,577,1694,684,1516,1966,2347,758,1957,1129,1385,1574,1404,1424,2368,853,2098,1836,2344,214,835,624,2279,1263,1682,1887,10,451,384,1906,920,332,460,1434,224,802,193,1695,1612,793,1583,1448,1325,2275,83,2142,2259,909,1507,560,908,2196,108,277,2387,2061,940,546,141,1010,925,2240,450,1376,1505,826,320,2129,2232,1486,677,1918,641,296,1523,2001,651,350,2238,2044,1520,2117,1556,1559,1117,1120,1068,556,1762,849,1644,913,554,749,360,155,2226,795,2213,1396,1107,1109,1949,57,801,779,1435,2301,324,2390,2325,14,1541,171,1347,181,291,2115,2194,217,2243,1676,1609,964,1356,344,209,72,356,679,1283,190,1546,2350,2121,204,864,1771,1231,654,2233,177,916,133,1978,552,480,486,1589,405,725,87,461,2282,833,1675,444,1621,2015,2372,1954,1859,840,194,503,1883,2132,2239,358,902,1646,23,2361,369,1495,1704,1074,1393,1722,1166,409,2364,1561,7,375,905,536,1728,1303,278,1524,433,633,610,392,1733,1313,544,2096,2244,1027,711,960,599,1119,1190,1914,990,1088,2250,389,525,34,929,18,1713,566,163,1991,2255,998,1015,400,1952,1607,773,559,861,1212,2257,1494,1657,116,1995,1065,352,923,1642,1566,71,1732,893,1308,1614,2225,2013,1110,513,874,1736,1962,1838,557,2180,1667,2287,1315,1619,2082,2370,1143,1672,1297,1182,919,2126,234,817,1069,368,843,434,1001,904,2288,1112,729,2312,205,1629,1357,1156,228,1237,1188,855,1174,863,732,883,1814,1049,1825,1665,2003,628,1183,2077,1481,1403,1528,814,1532,1894,1003,142,1099,295,1812,2026,1009,1782,159,268,187,857,1461,1886,1715,2084,1705,1865,196,742,2164,2080,1985,1295,1916,1463,1548,2336,2088,1530,1467,2369,252,1304,2123,1714,1062,1547,336,1983,1059,2009,1214,208,79,2348,605,1854,1365,2315,2146,1535,1381,1339,1405,1100,1649,210,867,2328,1416,2382,1373,989,2224,118,175,272,815,792,653,1934,1587,1260,2234,2147,594,924,1478,803,741,2341,1662,1266,837,1677,46,786,1716,1433,949,1990,1031,497,1200,138,1816,2107,1604,731,1504,1912,1508,682,1168,889,2016,767,335,241,1803,2294,1650,615,601,571,975,985,906,678,443,2148,1635,305,1685,1305,472,300,941,1760,636,1319,2116,728,1460,643,2323,970,1094,2271,1418,652,2380,1134,236,984,1874,1167,1849,2313,485,215,417,961,279,107,1585,2053,1917,890,520,1808,782,1258,1095,1680,724,2245,1140,726,1777,2298,1936,2324,47,1855,1729,124,1554,370,93,2267,637,2228,316,2029,1611,831,131,1309,1354,1359,2007,1306,2327,875,1832,1042,1900,2264,1272,1289,173,2207,715,2321,2092,740,2019,1595,2002,1290,1597,229,2179,1946,986,1053,342,1274,903,718,189,1293,2296,670,1586,2317,1163,1549,1702,1706,82,2043,2198,1208,474,748,957,2066,1465,440,996,1819,757,222,1948,1927,254,477,659,345,437,2258,1798,1242,41,697,225,720,1364,2178,1869,1879,1890,2083,261,1105,2153,501,1285,91,1321,1804,910,1395,1217,2261,250,1872,1687,848,2106,806,627,1013,2090,323,1898,1388,1693,303,2237,1139,2319,1877,1482,1592,2159,1197,535,206,882,456,946,597,1201,1791,2039,668,321,2071,1148,1372,1328,1893,1626,1102,263,98,2329,465,1711,649,2143,184,1265,1945,570,149,1051,2041,1857,161,24,1124,788,569,1636,1048,2200,1847,1146,269,811,359,787,429,1270,1355,1037,1116,879,1292,1691,492,2201,1326,167,157,2376,1061,1442,973,617,188,413,543,491,1889,2127,2141,2276,1542,449,1540,1407,1606,776,934,2375,1387,1340,1784,13,1965,1115,2378,604,318,306,2,428,1241,1599,403,2269,1923,1246,1513,1834,2052,1863,154,681,1671,1480,1126,2114,1144,1828,1755,2385,872,412,1335,750,287,1254,1023,768,2000,1739,1477,956,1594,1176,1155,930,1577,2154,26,420,121,1447,586,1459,1230,1406,2017,2292,2262,1630,473,158,2202,769,1451,1984,2119,483,911,75,2304,1458,1211,1050,658,424,591,509,1510,972,2365,2073,1191,1158,2150,547,43,270,2273,408,1731,865,2170,1668,1056,1362,579,1794,1472,2078,2055,830,2383,2065,1279,838,1101,1475,907,856,2310,166,730,2392,1633,1439,1757,1228,322,1446,422,1830,656,1179,2260,1489,290,1618,928,673,541,603,1334,339,771,1647,532,623,1727,1210,1708,969,2069,2097,2160,1488,1450,256,1579,1288,111,1881,1141,2379,2320,734,1268,759,2337,1789,1967,134,373,1204,1039,2034,2289,1103,1628,2040,813,1698,1637,328,953,1552,712,1970,836,2051,207,2335,1224,463,517,2221,60,106,25,655,1028,1358,1688,2251,1342,763,137,2299,1529,123,348,1719,1876,45,1651,2203,220,62,781,1,2149,1560,2217,1963,581,1428,2281,1768,31,1697,1616,1758,1568,114,162,2173,1429,2166,1503,1070,266,1752,1128,508,1787,1394,2070,499,660,1976,764,319,1788,1627,1623,703,1831,248,200,1703,966,156,662,388,2338,841,274,1911,1543,471,1982,496,401,1171,498,1833,212,1322,1352,1131,2075,845,635,1536,993,1553,1664,395,372,183,936,680,1515,933,870,334,1590,452,611,172,518,180,99,862,1113,790,1741,799,2076,1518,454,800,1805,120,1810,558,1043,1432,346,50,761,514,1539,794,1653,1426,2063,981,539,531,1240,288,1209,488,1735,1165,386,1674,2305,387,1861,2171,2326,2256,1438,866,1821,1346,402,1235,447,822,2219,448,169,5,2211,721,1582,958,244,1996,1853,289,689,310,112,1314,33,595,127,2042,237,484,153,493,455,1052,1840,2113,1947,616,1310,1759,694,2331,1360,927,1811,110,834,325,991,136,1696,727,612,860,1643,1499,1159,1173,894,884,1593,2059,2346,1281,1025,1598,2188,534,1613,95,2048,2181,917,1079,585,1317,1422,459,674,521,1699,2248,1591,1538,1002,489,515,2357,618,1338,1625,2108,931,1243,1839,362,608,309,2028,363,333,1164,2351,1080,1206,784,691,478,1150,1414,383,1277,226,511,418,1484,1097,696,374,2167,1856,1867,1910,2152,915,54,1605,1531,376,723,219,1921,574,1997,1785,1271,1186,143,1846,1178,701,1104,1678,1060,1712,1740,847,1913,1033,283,995,583,1034,1525,943,1907,914,1925,1526,1776,2293,634,932,1901,526,963,53,1169,475,1226,892,145,458,1398,233,327,1818,2140,1087,1493,1250,537,752,354,70,1125,343,650,2359,1683,2012,1919,88,1449,2125,2343,1567,1940,2186,235,992,686,242,6,2220,1751,394,671,1123,1216,736,551,2373,1806,1580,2284,198,2122,778,101,1724,630,2011,754,1121,1572,1142,1229,2091,891,1975,1850,479,1130,512,191,97,1118,218,881,1992,2118,1737,987,2131,1892,504,1844,1093,404,965,1397,1942,646,2006,1012,1286,667,1064,1999,1343,1106,2386,1251,873,1522,264,1701,567,951,364,2306,2074,797,326,1375,312,365,1563,1022,2064,743,994,1090,690,11,1998,1081,1423,292,494,1684,1571,1770,675,1058,1132,1073,398,1981,1799,1973,211,2349,1017,1908,1082,1943,1419,487,249,1327,267,311,538,1521,2151,1655,170,476,1040,1483,411,1951,1333,955,775,939,523,2102,2124,1374,2227,1184,1030,2089,1899,8,871,1659,1519,1238,1470,301,1366,1813,688,1332,745,2168,423,2242,2099,2068,132,1654,1008,714,609,621,1005,1063,590,974,1512,774,435,397,1415,1534,2205,2283,135,1193,1932,644,273,550,898,1988,1157,2270,355,1783,1284,122,887,56,59,2311,2355,1747,58,2175,1866,1431,816,1581,2360,16,1961,642,1320,1233,937,738,1207,900,1401,1790,2018,1380,68,1765,1441,2192,2079,1815,1800,1417,657,1880,1550,1603,1236,568,2024,441,197,1497,2045,1779,21,1425,1311,30,2247,1870,371,2058,1578,1767,105,185,1610,1456,613,1744,967,2330,647,431,1692,1389,80,1903,393,176,1638,1986,1953,1239,1969,1421,1764,639,2130,351,507,829,685,247,396,1006,620,519,1989,824,37,1046,1576,1036,810,2157,2268,2030,414,238,260,341,1721,1232,549,1994,744,378,983,1871,1476,1517,186,286,1369,1487,1318,223,573,976,756,2021,584,1485,1351,1882,314,19,1640,1718,661,737,1710,1413,230,69,1822,2363,1824,707,1884,1152,706,1878,146,276,64,1312,1862,2222,2318,103,1490,1926,2197,2046,130,2339,2057,337,562,115,251,2183,2333,2033,1761,2189,527,232,796,113,1937,199,1875,2060,2352,2209,717,1660,1852,912,425,445,151,1726,329,468,1617,421,73,783,506,1296,1690,44,94,954,1944,1452,1280,638,427,632,645,979,382,576,1562,1639,2162,805,227,2104,1368,2128,821,102,2367,1661,20,1336,2266,2086,192,462,1041,699,1950,284,2285,1096,2135,713,1323,2182,331,664,1960,2229,246,1026,165,733,1443,588,2155,40,753,1024,2377,1045,746,1020,1331,119,1383,1071,1987,293,67,1218,1479,1641,1273,298,510,2214,128,1775,1021,1363,1078,2187,1187,606,1666,1127,1506,2049,2100,765,1720,565,419,164,104,92,1742,379,144,442,1180,481,564,1307,722,2272,1386,1891,2231,231,899,1745,1801,702,828,804,602,1391,2050,1631,2161,530,347,2144,436,548,1437,1324,777,2223,895,648,665,640,1602,2190,1681,1749,2277,390,1931,1569,587,464,626,195,2062,1011,719,1473,239,271,2216,798,851,179,1092,978,1933,1971,2309,1137,201,2156,735,4,500,2023,1298,839,1928,1781,1348,1054,1885,1136,89,265,330,1772,1392,1371,858,1430,1648,1873,885,317,126,1941,2286,683,999,349,1956,1111,561,17,1457,150,262,2172,1215,1189,1014,2032,1774,819,1466,1175,1968,1835,1454,2014,2038,1645,1223,2291,1390,1203,416,2358,896,297,399,2087,1299,1827,353,1474,1161,1066,1823,1138,2362,74,22,1501,148,1471,935,1826,2265,600,1177,1896,751,2177,1225,1019,495,302,32,820,1802,2101,2210,580,42,2112,174,2295,869,850,980,1067,281,1496,1412,240,1809,2246,747,1245,1213,988,1122,2300,1445,1754,1895,572,1545,1444,51,2334,1748,948,490,1055,2371,2374,2274,1929,2047,2307,2169,1227,1977,791,1153,1935,1746,1905,1234,918,785,1147,280,2158,922,578,1920,426,1730,1959,1860,432,1766,823,1492,1253,178,415,253,29,1686,467,1220,2105,2297,1462,1108,762,555,2215,770,1663,1584,1527,1257,2366,2193,2109,1411,1843,1551,1133,202,313,3,709,28,2308,666,1151,1344,1248,1575,2095,377,1738,2391,78,2353,1249,1337,1400,2133,2384,1565,1402,1778,1753,2120,257,596,76,147,708,48,160,760,1032,1301,502,1842,2354,1888,663,52,971,1202,1656,1902,2389,672,1622,1700,1007,1864,1974,977,582,1453,366,2139,27,1145,710,1370,1072,2381,1980,1162,553,96,614,1018,338,361,2316,1427,139,1261,2356,294,1077,1302,868,385,2145,1632,1707,1345,693,942,832,1300,827,255,1763,39,259,921,308,1219,1221,1085,1615,2340,1841,152,84,700,1172,1114,593,631,2036,221,1717,1075,1349,2056,1938,2253,1436,1341,1469,1047,563,2067,704,950,2020,12,2230,1795,1410,1350,952,2235,1845,1185,2204,625,1377,77,2134,2322,36,2093,1264,66,1608,90,357,2206,1262,1247,1773,575,2005,1601,168,888,1544,1624,886,2163,2085,380,430,282,1904,812,340,877,1557,216,243,2094,1275,1259,61,818,1769,1670,876,1000,1294,607,2388,1083,1924,533,2165,945,938,438,129,1316,470,962,49,846,86,1972,2218,2072,1750,540,859,2110,1797,1267,457,182,2332,947,780,982,1743,1979,1502,2184,1091,1420,1679,1756,1004
The best distance is: 15085250.54
The result is generation: 100 of popsize: 10 of PR2392.tsp206,984,1989,2000,1681,628,1855,1328,788,1299,2217,1590,2339,1060,1774,2176,753,2389,192,929,1810,2383,781,1138,1226,348,873,1595,333,1176,1764,792,2113,2016,1660,1254,1532,1540,126,1199,546,1799,465,1435,1909,536,1213,408,1314,2079,771,297,2164,738,1086,1218,561,1109,1785,544,632,368,98,1746,1613,433,706,281,108,777,639,1697,2281,1637,695,379,1241,246,1062,776,519,1240,2219,2294,2290,1534,1600,285,154,1735,2052,1942,410,851,1536,864,144,560,327,1525,1988,375,1826,2378,1554,31,13,919,528,1914,1033,522,690,1615,1850,1356,1912,2201,2181,194,2044,626,2259,810,169,1178,898,397,2124,331,1027,439,1196,1292,1757,1235,1349,2069,1277,684,1705,2049,924,2173,868,1624,914,567,45,443,2125,903,1510,184,1527,1832,20,1142,586,1756,1096,345,1106,1330,1787,2139,2241,1279,1710,729,326,657,1239,900,2070,869,1221,1521,786,685,521,382,2179,2123,1259,1079,1823,1140,774,935,1202,968,300,2132,1731,26,1930,1649,1992,1749,917,1744,2129,1168,124,385,2142,1979,894,1873,309,123,381,981,1630,1386,1658,844,1126,1051,1360,304,568,449,1670,25,2075,1704,2062,2375,321,1636,749,880,1110,1685,1500,580,1901,2381,422,477,454,2284,891,485,1167,2154,2006,1459,2155,468,723,42,890,119,1831,109,279,245,882,2387,1791,736,865,1634,218,1111,1287,1150,1274,1612,597,853,892,1081,250,2043,1078,366,877,174,8,1657,1594,532,2033,1175,2220,768,95,203,1245,1696,2037,617,670,686,2078,1754,1568,9,681,922,1433,46,248,431,703,1890,1583,1169,860,913,2134,954,1056,1192,1743,328,487,2066,1212,1220,547,1768,1585,1524,1414,1151,1673,1365,627,1709,1833,524,448,1748,80,1964,622,1621,404,1439,215,2314,650,1469,2167,1092,1166,356,588,1108,2318,2330,1084,535,1466,233,2297,289,1238,725,995,2205,1675,2373,2376,1232,1483,1882,641,761,1072,1398,1511,364,1793,255,1107,481,2100,1222,874,587,2209,1147,1438,715,224,75,2300,1207,700,1520,556,1002,1317,2230,611,808,1559,217,1633,733,1104,2169,1801,1424,416,1203,1741,2150,2237,662,996,1260,1547,1191,1551,1646,1026,1885,937,1244,973,244,2039,1848,675,1227,99,1813,969,916,563,779,1672,1935,678,2004,1302,1475,1408,1837,1342,943,1075,247,975,427,150,523,1767,2141,1396,1306,1828,1908,311,402,2101,1953,713,315,415,637,834,579,1417,798,263,1779,307,507,464,190,1415,1776,1730,2325,1323,719,974,1493,1762,951,323,1574,365,1322,2170,146,265,329,832,915,1149,1085,54,28,870,1236,1858,403,86,57,1032,965,1887,1950,1370,1484,1391,1331,2247,82,990,531,1453,2274,1404,1283,1655,555,2326,393,2298,1856,1897,2045,1954,1050,1915,1077,499,2279,887,1197,2283,257,1080,1139,1447,669,1940,630,369,1769,1455,2010,2316,708,6,956,2092,254,2131,1431,1806,1900,551,1116,1141,1068,1842,876,2276,1389,1016,2064,1557,2,1654,145,1648,450,380,2024,2320,482,1339,787,1682,693,1478,1189,445,476,101,330,1063,50,1966,550,1922,1338,1006,29,256,156,1038,1530,258,1344,2353,850,645,332,583,1921,2197,1025,1008,137,1193,1416,658,778,472,1872,1840,1482,1120,2351,2305,168,37,800,1490,629,572,1114,1229,1418,351,1877,358,2048,1457,505,306,1497,1878,530,1426,2054,21,152,646,2218,453,764,548,1818,164,2166,1698,1543,116,539,1803,2216,2323,649,193,799,2384,1619,1489,131,157,1844,283,1598,1990,268,44,115,1528,812,511,36,425,223,859,1499,2250,1874,1208,826,2244,1190,1699,2136,1161,1864,2063,1182,1332,1034,2143,1651,2204,1623,1180,840,2310,1783,1502,1778,1384,1146,1770,243,2287,986,260,741,1087,1420,1824,824,731,1452,2130,400,2184,1761,1461,338,1157,2008,1862,77,636,553,2269,1626,96,1273,593,940,1653,510,581,2158,1652,1552,677,805,2321,12,1555,1133,151,2014,1550,1605,1250,2042,542,2017,740,2200,1305,2295,835,361,763,1812,2296,1838,1248,1320,335,1156,1957,620,1517,401,529,1472,1570,188,2162,484,722,2096,1014,1918,1661,1437,1443,2109,1789,525,399,1729,2255,1368,520,705,1883,298,2112,857,1720,1795,1301,2015,557,1048,775,2108,1725,1972,1262,122,1973,426,59,2013,1177,918,1669,1523,1895,1387,1714,452,1775,238,189,1159,2071,1597,1983,2188,2083,90,2115,2371,1868,2148,817,716,1295,1094,1181,112,1835,1249,10,1158,49,1700,1097,1405,363,2302,319,1134,1650,2097,993,460,2304,1421,2035,2343,2369,2286,1406,409,687,2202,1561,843,1402,1539,1804,430,2248,769,2153,1225,2211,966,411,782,987,165,153,1143,1689,2026,1390,128,2357,458,545,1602,1846,2137,605,1043,1132,2196,2347,2301,1533,830,491,79,591,643,1055,451,2256,1429,287,469,2084,2251,2289,513,1553,1412,341,1054,1572,1347,1739,2265,2195,1136,1751,310,2105,2261,1916,372,849,666,1117,1943,584,541,1282,655,710,702,1061,1765,688,564,103,1137,1549,1589,1290,1716,293,1242,467,2235,2065,827,1898,576,240,493,977,1268,1869,1667,196,930,726,2285,1961,660,1021,1780,654,1509,1046,47,822,2104,2366,2368,291,1642,1951,1434,325,2327,785,756,718,33,2091,2199,2349,1036,953,1969,1488,2364,1266,442,1944,789,72,231,2282,2358,463,1863,1592,897,1694,392,1127,440,502,1350,1732,1834,290,155,1013,479,1215,239,1899,2214,1937,1269,1011,1738,313,1958,1030,1131,148,1216,1575,1278,1505,2002,1100,1736,1477,1369,394,1683,1432,1677,594,1383,2291,1665,506,1485,35,2036,1340,195,989,1334,180,1162,1645,220,207,604,820,1005,2191,1270,928,66,2275,664,680,2341,2252,724,1628,1374,1907,618,1316,346,308,755,1261,790,1410,264,2208,1975,4,252,963,938,171,446,839,1616,2067,2306,1564,58,1805,92,1861,837,273,1967,1468,1022,959,634,1797,2189,1376,110,1128,166,222,2027,982,1422,616,1298,1936,1209,1462,1378,74,509,592,312,1608,1851,1044,1053,2313,314,2133,1366,1394,2057,391,132,871,343,232,1984,389,1352,1708,1566,305,1614,478,672,720,737,60,1115,1118,2350,2165,374,2041,1373,942,1102,565,2385,1976,2390,701,1865,1303,2377,1515,543,1363,1847,134,339,517,1271,303,1703,2127,1037,1679,1541,598,838,125,590,24,667,608,130,2335,1425,1604,1145,739,2056,1894,2329,1495,64,1064,2203,1253,1781,1949,1318,2352,743,2156,562,762,1723,1896,765,1183,2019,83,387,1286,1620,1879,91,1796,1272,978,1891,1924,694,1702,754,745,1311,1579,118,971,909,1335,884,2198,1986,1617,1321,624,1380,939,2267,284,1371,67,577,1606,120,1023,2280,533,495,209,61,406,2088,138,414,32,1960,610,3,659,1052,1155,631,2345,1902,663,167,2392,436,1174,881,302,752,87,2249,1362,1671,1663,1441,1312,201,81,1395,1932,62,2009,1263,1427,2299,1256,228,1792,1243,1255,2186,1065,163,172,1307,200,621,1927,1170,88,1494,2370,633,613,2059,1129,1066,53,925,1498,1018,2118,1982,1836,829,1562,1923,842,1219,185,2359,1205,349,417,470,1584,697,1676,794,107,825,1522,1889,383,1319,1920,1354,1556,227,1981,2098,213,1618,317,582,2322,1382,278,1487,1010,1015,492,780,1693,651,2182,1913,1029,910,559,647,2207,362,2128,216,759,2168,2386,2324,600,983,1903,2174,1098,979,1712,280,944,569,486,1179,526,2206,1610,1185,22,1351,1888,1829,1393,2240,1460,1444,1782,1690,359,2120,1224,2159,1214,198,1399,976,210,911,2215,1007,432,1987,1588,699,395,1392,1724,1880,496,1591,2116,625,2309,1400,1843,1164,214,2151,1771,277,1504,991,1611,1348,159,178,1867,2245,1450,534,1409,861,515,1403,1545,2277,1991,1639,2187,473,962,1563,1578,2047,679,573,2018,1069,760,1777,1786,1817,791,76,1721,1742,2348,1031,516,1456,1473,821,957,886,2308,2355,357,1707,994,1870,140,292,607,665,63,1662,1997,2110,183,1599,2236,1121,1336,1436,301,1839,845,2090,1822,17,2312,16,1188,734,170,1535,2038,1463,229,757,1755,1337,1607,1153,455,2344,1112,2003,793,1124,1293,1745,813,746,1734,1284,1035,1491,69,970,2303,2147,2077,1827,56,750,249,1492,2023,105,104,1965,175,2149,2082,858,2058,856,831,950,2040,1481,1296,2175,1423,136,1680,1512,2192,1788,1324,1470,1752,2178,488,674,883,1397,286,253,1691,1686,1722,1095,447,1039,336,89,671,2243,2177,316,1073,2053,1809,885,1659,421,640,1003,242,1040,1852,1194,117,1070,337,490,1635,735,2260,606,1871,599,958,2005,1503,585,1099,2185,350,270,2271,997,508,1946,2030,355,2171,1276,434,435,751,537,1815,742,2263,1325,931,1258,2272,1195,2288,2258,1727,905,1291,2046,696,2072,474,2319,2338,1996,1876,70,97,370,334,457,2085,1668,1049,1172,848,2140,2145,575,711,176,149,1798,2089,1135,619,908,1695,932,1629,1577,1353,1042,373,186,879,899,878,1759,1985,1326,2273,656,1076,1892,1231,267,2028,2227,2190,2020,1794,1309,1800,1246,1413,347,398,5,901,282,748,2253,497,2362,1808,1580,2135,459,797,1385,55,2106,456,324,226,342,143,162,18,1359,1644,676,23,27,2121,1163,2157,2060,1012,376,1152,1910,2193,1401,388,862,747,1565,205,1845,895,259,801,2194,1911,1474,846,2278,1544,1971,893,1281,612,638,816,230,927,84,1171,1198,2163,1041,41,1419,179,2126,1267,2025,1934,274,1058,438,1814,2212,1257,419,2231,2342,85,2270,855,648,945,570,1980,967,1993,1674,1816,423,1440,1569,1638,2029,1938,299,1082,1763,2161,603,1632,1558,652,512,384,503,2144,728,296,1346,1289,1184,1480,34,2073,1733,1265,2337,558,1841,2307,43,100,1849,1947,866,1357,721,1464,344,127,888,1999,1234,1125,377,266,1760,814,602,574,1285,796,601,2365,1998,1345,709,552,1288,836,2361,960,2031,1684,1906,815,441,2232,2382,1790,806,2257,1237,135,295,635,2317,2315,106,1275,712,941,704,235,2061,1713,1537,732,2213,1726,1247,933,1571,1750,1820,2160,1148,1603,847,501,673,489,1501,1641,1020,2055,727,730,2346,93,773,2239,1000,980,2021,902,1442,1560,2311,1955,1230,1476,1567,1451,1905,1625,2226,2356,1859,682,1381,955,1627,340,807,1329,948,1313,2122,1375,642,444,875,2233,461,2223,1458,1821,480,1514,1445,985,1542,1719,1601,424,1122,1740,2050,1364,1656,926,540,2380,1893,2068,1228,1486,2011,1130,68,78,819,714,1304,2114,2328,114,1963,2228,1548,2268,2146,1315,1358,1448,1811,1715,2051,141,889,1211,2334,1631,276,609,818,269,51,644,1968,1622,2340,961,1929,1860,73,1113,161,1956,1047,1643,692,1529,1928,852,129,234,1853,1355,39,1449,158,1948,772,288,867,2379,7,1372,1802,744,2336,272,1101,2224,1866,182,2081,413,1952,191,615,475,2076,1201,2102,841,1093,538,1664,947,275,483,1666,1341,407,1995,462,1297,412,322,187,707,1701,1538,2007,907,1,803,1465,1379,1516,1367,2333,1059,1582,1479,504,405,809,94,1825,2363,554,1173,2111,2360,177,920,466,1024,1807,113,1830,65,197,1223,1933,1884,204,1904,766,19,784,1028,1939,1931,1361,767,1586,1217,1103,2180,1772,40,923,271,2234,1875,1609,1728,241,1045,160,906,804,1154,1071,1105,2117,783,1057,1091,698,578,1717,952,294,936,1343,1430,429,1090,2292,390,1687,1766,2367,2332,318,758,2222,1508,14,1784,1467,236,770,614,1327,833,1926,1160,2001,2032,823,354,2080,1945,2103,212,1074,802,1206,896,1962,1233,208,1186,595,1974,2221,1009,1718,221,1428,371,1593,1587,2331,181,1978,964,1471,2152,139,1881,38,352,1711,934,360,2229,199,1083,2138,1747,1252,211,1067,1857,2372,1919,142,48,872,1758,904,2254,1518,1280,1017,518,1089,854,596,988,998,396,353,1925,828,1088,2183,320,1187,2034,378,2238,1411,2087,1688,367,237,1300,1004,1970,1959,2022,992,1144,1001,2293,1204,1264,1640,912,2119,1200,1531,261,514,2374,102,500,2095,173,668,2266,1994,2242,1737,494,1819,1596,661,121,2012,549,251,2107,111,386,623,437,949,1977,566,1706,972,30,1917,1507,418,71,1294,2391,1377,2094,147,1526,1513,1581,1165,683,527,717,1773,1519,1941,2388,689,1886,498,1647,471,2099,2354,2225,2264,52,1119,795,133,262,1692,863,225,202,1407,420,2246,1019,1678,589,811,2262,2172,1251,11,1573,1123,1388,1576,1446,1310,571,1496,946,2074,999,219,1210,1333,2093,1308,1753,1506,921,2210,15,1854,691,1546,2086,428,653,1454
The best distance is: 15171770.45
