start the EA3 
The result is generation: 50 of popsize: 10 of EIL76.tsp 
15,58,34,8,6,43,44,28,59,22,23,47,61,48,67,16,72,26,65,4,56,7,73,50,37,24,25,66,49,36,29,1,40,76,2,69,57,5,11,9,39,31,70,20,60,46,64,30,71,13,42,52,75,63,27,19,12,54,41,62,14,38,10,17,74,53,55,68,32,3,51,18,33,21,35,45
The best distance is: 2325.93
The result is generation: 100 of popsize: 10 of EIL76.tsp 
36,45,52,19,69,33,16,48,37,58,53,30,11,29,75,6,15,62,2,64,57,47,12,8,14,66,55,46,68,74,3,42,25,28,61,50,43,60,41,67,4,1,9,56,32,24,34,59,38,31,72,44,71,49,21,17,10,54,70,65,51,22,63,76,23,40,7,27,35,20,26,18,13,39,5,73
The best distance is: 2367.3
The result is generation: 200 of popsize: 10 of EIL76.tsp 
56,44,2,22,50,53,57,10,42,69,49,55,40,24,3,58,31,71,76,64,65,29,73,37,62,46,48,38,68,4,32,51,30,52,45,70,59,13,15,8,7,26,67,35,16,41,54,14,19,39,66,36,33,60,34,17,23,75,12,63,25,6,9,47,61,20,72,18,1,43,28,11,21,74,27,5
The best distance is: 2331.92
The result is generation: 50 of popsize: 20 of EIL76.tsp 
51,16,41,68,57,11,20,49,6,59,27,72,52,76,44,61,39,35,18,19,50,47,54,1,40,36,60,34,65,10,55,56,13,15,46,74,45,7,4,17,33,62,43,8,5,28,31,63,53,66,2,42,64,23,24,73,3,22,30,75,70,29,21,37,69,48,58,25,12,38,32,14,9,26,71,67
The best distance is: 2256.97
The result is generation: 100 of popsize: 20 of EIL76.tsp 
56,6,66,52,3,7,23,74,31,9,28,35,76,51,8,13,33,29,47,48,38,19,15,1,2,62,42,71,24,37,43,10,17,70,72,50,27,16,44,12,57,54,60,5,61,20,21,22,14,46,59,36,69,30,39,41,45,40,25,68,4,73,58,64,63,49,18,55,26,53,65,32,75,34,11,67
The best distance is: 2277.67
The result is generation: 200 of popsize: 20 of EIL76.tsp 
24,57,76,8,65,66,36,40,63,1,43,2,61,64,19,47,28,33,51,72,53,31,29,60,26,45,17,74,32,48,58,20,68,6,23,21,4,73,62,12,52,54,14,7,10,69,56,49,39,46,38,42,35,44,37,13,59,71,27,3,18,9,50,41,22,75,30,55,11,5,70,25,34,15,67,16
The best distance is: 2266.61
The result is generation: 50 of popsize: 50 of EIL76.tsp 
30,48,62,43,41,33,25,55,40,46,16,13,38,11,58,36,9,18,44,26,14,66,72,76,28,22,61,42,60,65,63,8,10,59,2,32,6,23,12,37,21,64,52,57,34,27,19,4,47,53,70,50,3,7,54,24,67,31,49,68,73,51,35,29,45,17,74,71,5,20,1,15,56,39,69,75
The best distance is: 2166.55
The result is generation: 100 of popsize: 50 of EIL76.tsp 
65,64,56,73,11,53,23,31,52,48,4,41,33,24,51,63,3,54,67,9,72,58,74,20,25,14,55,18,30,28,62,35,26,66,21,61,43,12,7,38,70,57,76,49,1,59,71,2,40,42,22,68,50,6,16,8,39,13,10,17,32,75,36,15,5,69,29,19,45,44,60,27,37,46,34,47
The best distance is: 2237.62
The result is generation: 200 of popsize: 50 of EIL76.tsp 
69,23,43,42,45,24,19,2,48,16,49,44,51,5,34,20,13,21,62,25,76,1,17,8,14,29,15,68,3,58,26,27,54,46,53,7,71,56,66,18,72,37,35,12,41,64,65,59,31,39,63,38,40,47,4,52,67,28,50,22,73,11,9,75,10,32,57,70,36,30,60,55,6,74,33,61
The best distance is: 2182.51
The result is generation: 50 of popsize: 100 of EIL76.tsp 
31,55,7,18,59,22,62,56,23,45,29,20,57,4,15,49,9,65,19,63,37,70,75,5,33,67,16,21,46,27,30,3,12,41,13,48,34,76,40,68,17,51,66,72,60,64,39,44,2,53,24,42,1,73,8,14,74,71,61,32,10,58,35,28,43,54,52,36,11,69,47,38,26,50,25,6
The best distance is: 2195.45
The result is generation: 100 of popsize: 100 of EIL76.tsp 
10,45,70,71,37,60,40,43,30,36,13,39,12,21,69,22,75,59,54,38,33,57,3,62,53,56,27,48,46,32,42,72,35,61,31,9,20,44,15,5,74,64,8,23,4,1,24,41,28,73,26,51,16,63,76,67,58,65,55,34,52,19,49,50,14,6,2,29,11,66,7,25,18,47,68,17
The best distance is: 2231.6
The result is generation: 200 of popsize: 100 of EIL76.tsp 
58,44,31,37,20,4,3,6,22,47,73,39,42,25,61,56,9,46,65,8,63,21,70,36,26,29,38,34,57,66,24,14,68,74,45,28,75,13,5,53,52,72,43,64,76,30,33,54,7,62,23,19,35,59,12,51,32,40,67,18,69,17,16,50,55,49,41,2,1,48,27,71,15,60,11,10
The best distance is: 2170.8
The result is generation: 50 of popsize: 10 of EIL101.tsp 
5,7,37,2,91,6,20,95,97,67,88,87,77,53,50,30,76,29,11,23,100,54,26,42,93,10,31,41,82,46,81,84,86,85,90,4,69,64,57,17,89,1,96,12,35,43,24,45,47,98,16,63,39,65,22,58,8,72,28,9,79,61,52,71,49,33,78,15,44,40,73,92,59,60,83,18,70,80,25,36,94,68,27,55,51,48,62,32,13,14,74,38,19,101,21,99,75,56,34,3,66
The best distance is: 3260.4
The result is generation: 100 of popsize: 10 of EIL101.tsp 
87,9,81,14,44,51,64,66,69,68,21,45,60,24,4,53,7,88,92,11,76,54,101,26,20,67,80,2,78,77,95,41,47,85,97,73,43,71,39,58,83,98,10,34,65,57,86,13,5,50,40,82,1,42,70,35,63,74,19,18,93,37,36,84,59,55,6,62,90,48,56,52,49,17,91,12,33,32,75,99,46,100,89,61,96,94,23,8,27,15,31,28,29,3,38,30,72,22,25,16,79
The best distance is: 3252.21
The result is generation: 200 of popsize: 10 of EIL101.tsp 
59,10,99,37,64,71,90,46,96,8,86,32,70,88,6,7,5,19,15,36,4,18,73,53,13,94,95,57,44,24,47,92,14,38,67,79,31,43,84,83,50,72,26,89,35,81,1,2,20,69,23,12,91,63,60,56,16,68,76,55,97,78,62,30,66,65,51,25,98,11,9,85,28,61,21,52,58,45,82,42,40,27,48,41,33,34,100,17,101,3,80,22,75,87,74,49,54,77,39,93,29
The best distance is: 3204.72
The result is generation: 50 of popsize: 20 of EIL101.tsp 
68,19,64,41,15,30,25,44,91,60,23,99,62,95,78,58,27,83,61,38,76,52,1,7,5,93,88,54,34,8,66,50,59,100,18,32,20,10,63,43,96,67,71,42,35,45,37,65,21,82,49,48,94,90,11,77,55,98,92,56,46,31,72,24,6,17,85,57,2,36,26,3,53,79,29,28,73,12,101,97,14,70,16,84,80,74,87,75,81,69,13,89,40,9,51,47,33,4,39,86,22
The best distance is: 3172.22
The result is generation: 100 of popsize: 20 of EIL101.tsp 
57,80,78,81,31,7,24,50,77,11,12,21,14,98,66,28,63,69,61,96,99,29,55,68,92,93,43,70,82,30,20,67,10,100,71,18,48,4,51,36,87,86,19,52,59,85,3,79,22,65,2,83,60,44,45,101,47,46,1,34,76,89,95,72,15,23,42,49,37,94,8,62,91,74,41,56,64,38,40,75,39,53,5,97,6,33,16,9,32,84,27,35,25,58,17,88,90,26,13,54,73
The best distance is: 3055.11
The result is generation: 200 of popsize: 20 of EIL101.tsp 
97,61,32,52,89,72,79,69,28,84,41,91,9,70,63,44,99,60,20,58,96,34,30,95,14,18,85,80,15,35,29,24,26,5,45,39,48,42,8,94,49,78,7,19,83,46,62,87,66,67,57,74,27,82,71,76,25,68,40,54,51,38,88,37,92,93,3,90,65,75,53,55,77,47,64,33,101,10,16,2,50,81,12,11,21,98,100,17,86,4,73,36,31,23,22,56,1,13,59,6,43
The best distance is: 3095.62
The result is generation: 50 of popsize: 50 of EIL101.tsp 
96,38,85,21,1,17,68,55,32,76,72,9,80,70,60,14,54,7,2,25,39,69,65,34,50,45,58,42,13,75,5,12,94,6,93,51,71,44,84,86,11,29,66,88,27,62,52,20,91,43,57,81,64,49,82,33,10,46,15,59,90,98,100,41,99,92,83,47,18,35,28,56,26,24,61,97,87,30,101,78,48,8,19,4,22,73,16,74,77,3,95,40,36,31,67,79,23,37,89,53,63
The best distance is: 3013.71
The result is generation: 100 of popsize: 50 of EIL101.tsp 
100,35,30,56,49,90,81,66,20,40,37,22,69,34,79,101,77,73,74,99,75,4,95,24,25,93,11,91,42,16,62,41,38,58,71,8,82,64,7,59,10,21,88,45,51,27,97,76,87,14,80,32,70,31,46,5,52,65,55,29,26,72,86,43,44,47,61,53,54,33,57,96,13,94,3,63,6,18,89,67,92,60,50,12,68,15,2,1,98,19,83,48,85,17,84,36,78,28,23,9,39
The best distance is: 3006.33
The result is generation: 200 of popsize: 50 of EIL101.tsp 
37,66,60,92,42,24,89,36,82,61,81,2,94,38,17,9,7,18,63,41,10,33,70,45,68,95,80,85,3,64,55,29,73,13,98,90,47,69,97,99,43,32,78,26,49,59,62,8,54,79,31,71,19,65,11,48,83,74,101,87,93,91,35,51,56,25,4,6,86,88,53,77,28,1,30,20,72,67,22,50,34,76,52,23,21,57,27,40,12,15,39,75,58,16,96,14,84,5,46,44,100
The best distance is: 2951.4
The result is generation: 50 of popsize: 100 of EIL101.tsp 
47,19,58,98,37,81,78,65,83,25,91,7,92,69,38,32,26,93,57,80,22,35,64,8,56,70,96,79,29,31,60,72,50,24,40,44,97,30,21,6,84,12,66,88,90,89,49,77,3,9,20,73,4,13,15,39,85,87,94,59,45,100,27,95,76,28,2,86,48,71,99,17,36,101,68,23,67,33,53,54,55,82,63,1,10,11,41,42,51,34,43,74,75,14,16,52,5,18,61,46,62
The best distance is: 2962.86
The result is generation: 100 of popsize: 100 of EIL101.tsp 
86,92,56,94,15,87,98,43,57,53,96,63,78,84,6,82,46,62,21,44,69,65,75,12,3,19,8,27,47,20,71,14,16,76,100,38,67,33,31,1,9,64,81,54,29,95,73,23,50,51,101,28,22,39,13,48,88,24,89,30,25,34,10,35,36,83,93,41,90,80,37,7,72,85,61,5,99,68,26,66,4,79,60,59,70,58,55,97,91,74,42,18,52,40,77,49,11,45,2,32,17
The best distance is: 2996.32
The result is generation: 200 of popsize: 100 of EIL101.tsp 
67,25,26,65,48,100,35,66,76,78,69,29,59,58,22,46,72,42,96,68,40,15,44,19,8,81,51,12,43,37,95,91,101,21,23,39,41,54,99,75,20,80,27,38,55,73,97,56,3,1,2,71,86,16,50,82,92,53,88,6,60,61,89,84,93,74,33,85,70,24,87,57,14,5,17,62,36,94,10,11,7,30,4,83,90,28,13,98,79,34,64,77,63,32,31,49,45,18,52,47,9
The best distance is: 2897.32
The result is generation: 50 of popsize: 10 of ST70.tsp 
9,33,21,65,24,15,54,38,53,29,22,7,44,52,36,6,23,47,35,19,45,46,27,39,11,48,68,2,63,42,18,13,50,58,10,67,55,3,70,1,43,8,61,14,69,64,57,49,31,28,51,4,62,26,34,30,32,5,66,25,16,12,60,17,56,59,40,20,37,41
The best distance is: 3383.24
The result is generation: 100 of popsize: 10 of ST70.tsp 
40,50,63,38,47,70,25,18,16,42,36,68,61,62,48,33,55,2,31,35,44,67,30,54,27,34,46,8,23,26,3,59,28,11,22,56,13,53,7,57,32,9,37,17,64,65,52,10,45,49,66,4,29,69,1,39,24,51,15,41,60,12,58,21,5,43,6,14,19,20
The best distance is: 3394.55
The result is generation: 200 of popsize: 10 of ST70.tsp 
28,34,32,33,43,4,37,58,65,52,6,5,69,66,45,49,17,35,31,7,42,19,61,48,30,62,20,14,12,63,27,38,51,47,21,64,22,57,67,8,24,56,55,2,60,46,53,50,16,54,39,1,23,29,10,25,18,9,3,44,11,41,59,36,13,70,15,40,26,68
The best distance is: 3388.37
The result is generation: 50 of popsize: 20 of ST70.tsp 
68,56,60,69,19,70,1,26,46,42,52,17,33,22,29,21,4,20,18,57,40,5,37,61,44,66,53,48,32,28,63,34,62,38,45,9,10,14,31,27,59,64,11,54,51,65,23,58,16,6,24,50,36,35,7,30,25,55,8,43,49,41,47,13,12,39,67,2,15,3
The best distance is: 3267.92
The result is generation: 100 of popsize: 20 of ST70.tsp 
70,65,56,54,61,67,14,60,59,37,5,10,11,24,57,53,48,68,25,34,46,4,18,52,47,6,20,30,31,19,3,12,1,50,8,15,29,32,22,9,38,28,42,26,66,51,40,58,7,2,63,64,44,49,13,17,27,55,33,36,35,23,16,41,43,39,62,45,21,69
The best distance is: 3173.24
The result is generation: 200 of popsize: 20 of ST70.tsp 
57,55,61,3,15,30,33,11,67,29,35,13,31,46,65,60,48,18,36,5,17,49,9,27,8,6,19,38,45,32,63,68,40,52,16,22,62,24,51,25,14,50,7,20,66,43,64,58,56,53,42,47,23,39,26,1,4,2,34,12,21,54,10,70,37,41,28,44,69,59
The best distance is: 3289.45
The result is generation: 50 of popsize: 50 of ST70.tsp 
35,37,21,44,30,56,45,17,5,58,48,55,36,29,69,18,6,32,57,8,53,22,34,10,51,16,65,27,63,26,43,39,61,47,24,64,15,2,19,49,7,14,68,42,3,9,28,46,25,59,62,67,20,12,41,31,38,11,23,52,50,40,13,54,70,1,4,66,60,33
The best distance is: 3185.28
The result is generation: 100 of popsize: 50 of ST70.tsp 
47,11,67,39,46,66,26,15,4,8,61,60,1,3,41,10,33,22,7,9,42,16,37,14,49,24,34,55,68,28,40,19,6,62,21,38,32,48,53,56,17,20,45,65,27,30,57,35,25,43,44,51,59,23,64,18,63,69,29,31,36,54,12,50,52,2,5,58,70,13
The best distance is: 3063.37
The result is generation: 200 of popsize: 50 of ST70.tsp 
58,9,38,63,54,26,55,15,49,20,10,33,51,7,2,28,46,27,47,35,53,23,17,31,66,39,22,1,29,70,8,5,69,24,14,34,57,41,36,44,19,32,60,56,4,3,13,6,42,68,18,67,25,21,61,43,45,12,37,59,16,50,48,64,11,65,52,62,40,30
The best distance is: 2982.26
The result is generation: 50 of popsize: 100 of ST70.tsp 
23,59,48,11,37,28,24,27,69,46,40,32,49,20,33,6,42,45,56,68,55,41,3,25,70,22,15,63,66,1,18,26,17,12,5,53,10,30,14,16,7,43,2,29,61,57,44,8,35,13,38,52,39,50,65,31,36,58,54,64,47,4,60,9,62,51,67,19,21,34
The best distance is: 3147.84
The result is generation: 100 of popsize: 100 of ST70.tsp 
60,28,7,26,3,24,31,18,6,58,48,55,57,19,30,43,45,8,49,41,2,1,20,62,34,4,27,63,53,15,44,42,65,21,69,47,37,35,14,11,36,33,52,40,10,29,70,50,13,22,23,66,16,38,59,67,12,61,32,5,54,17,9,39,51,56,64,68,25,46
The best distance is: 2958.34
The result is generation: 200 of popsize: 100 of ST70.tsp 
56,39,51,60,1,18,62,48,33,40,21,66,20,52,61,64,38,65,6,34,53,10,54,3,25,45,63,4,24,50,11,22,43,67,13,68,49,7,16,19,41,37,58,27,5,32,28,55,2,26,8,9,30,17,46,44,59,42,70,23,47,69,29,31,15,14,12,36,57,35
The best distance is: 3055.82
The result is generation: 50 of popsize: 10 of KROA100.tsp 
46,92,52,95,73,18,61,55,87,20,69,15,9,97,26,99,59,6,79,22,36,23,77,24,38,65,84,98,63,100,51,75,66,16,93,10,96,47,33,25,78,56,89,14,7,91,48,54,11,49,1,12,32,80,81,5,34,88,35,53,74,28,30,45,70,41,42,31,44,57,19,62,50,39,76,72,27,29,37,40,3,17,85,2,83,82,4,90,21,43,94,58,71,67,60,8,13,68,64,86
The best distance is: 157548.61
The result is generation: 100 of popsize: 10 of KROA100.tsp 
83,76,10,30,54,50,21,86,52,81,7,99,95,79,78,82,33,20,69,48,97,100,65,66,16,85,64,57,51,67,92,73,84,56,63,28,31,62,13,15,17,26,55,74,91,18,94,75,36,32,80,90,4,29,49,12,98,70,71,11,58,3,87,42,60,89,34,8,27,46,41,43,1,23,22,93,6,25,35,47,59,9,14,68,77,40,19,53,38,72,45,24,2,5,96,39,37,88,44,61
The best distance is: 157819.51
The result is generation: 200 of popsize: 10 of KROA100.tsp 
70,39,41,4,36,72,58,31,22,13,40,54,76,85,65,42,43,8,82,25,11,91,87,86,64,16,32,49,37,63,17,23,73,61,92,44,2,83,14,19,79,88,53,94,68,84,74,99,29,52,67,89,34,93,60,5,12,50,100,15,28,10,6,21,38,51,26,47,57,30,45,78,18,62,59,97,71,20,9,98,55,66,3,48,1,46,81,77,7,96,95,33,69,80,35,90,75,27,24,56
The best distance is: 154806.23
The result is generation: 50 of popsize: 20 of KROA100.tsp 
19,56,4,68,69,24,16,72,36,39,75,48,73,6,91,9,32,100,57,87,47,12,17,63,97,90,3,34,42,11,95,50,94,27,85,2,66,59,26,53,93,83,99,51,18,7,67,29,81,5,25,45,28,40,98,64,55,89,79,15,44,76,96,58,23,1,71,54,10,84,61,74,21,37,78,35,22,70,43,13,30,77,31,8,80,92,14,20,65,49,88,86,60,46,82,41,62,38,33,52
The best distance is: 155719.03
The result is generation: 100 of popsize: 20 of KROA100.tsp 
41,87,22,23,46,21,19,92,10,99,74,32,36,44,64,65,28,26,60,97,40,31,24,77,55,70,80,7,38,8,33,6,86,62,49,4,25,58,35,76,96,91,37,2,69,63,17,78,47,5,39,85,50,57,29,83,81,95,48,73,56,84,1,66,61,54,82,68,27,14,67,72,53,30,43,100,94,51,45,18,89,71,16,90,79,13,88,15,11,75,42,59,52,9,20,3,93,98,34,12
The best distance is: 151300.99
The result is generation: 200 of popsize: 20 of KROA100.tsp 
31,65,29,82,94,19,17,81,87,27,76,72,89,54,66,80,79,62,59,74,73,97,1,41,14,45,26,93,63,67,20,71,4,13,5,60,36,47,98,38,8,24,16,23,18,32,51,25,61,11,2,44,3,83,86,15,85,34,88,50,7,58,96,77,28,91,84,12,99,53,95,55,6,40,22,90,92,33,78,100,48,43,64,46,39,70,69,30,57,52,9,35,37,49,56,68,42,10,75,21
The best distance is: 149565.57
The result is generation: 50 of popsize: 50 of KROA100.tsp 
18,16,24,17,40,91,43,41,77,66,75,83,26,76,73,34,60,74,8,1,52,14,99,35,69,13,81,56,36,95,7,62,25,53,49,15,22,31,100,30,57,50,55,54,79,65,59,68,51,5,21,20,23,19,80,4,86,71,92,63,72,46,88,70,2,42,11,32,64,87,27,47,10,89,98,12,67,61,28,39,94,90,45,85,78,3,9,58,96,29,93,82,37,44,38,84,48,33,97,6
The best distance is: 148166.81
The result is generation: 100 of popsize: 50 of KROA100.tsp 
96,58,8,21,18,1,91,35,55,11,49,40,9,82,2,54,83,66,34,100,61,7,63,46,29,85,3,32,94,87,20,98,41,15,13,69,48,42,86,12,52,25,26,75,57,81,39,64,44,50,4,56,73,14,37,80,89,78,79,53,33,27,30,76,28,59,24,10,70,23,97,62,31,17,43,99,19,84,22,65,74,36,93,92,6,67,90,95,5,72,47,88,68,51,60,71,45,16,38,77
The best distance is: 145153.49
The result is generation: 200 of popsize: 50 of KROA100.tsp 
13,82,3,35,100,86,91,99,58,30,34,40,77,5,67,37,36,32,57,7,43,10,93,11,84,68,89,15,81,69,90,4,8,47,54,70,66,94,88,53,23,75,98,28,24,51,21,27,19,6,14,22,59,18,74,31,73,2,83,17,26,80,62,29,48,76,79,9,64,12,55,87,61,97,72,16,45,38,60,56,20,49,1,92,46,25,52,50,95,42,63,65,71,44,96,85,39,41,33,78
The best distance is: 138633.07
The result is generation: 50 of popsize: 100 of KROA100.tsp 
89,17,1,40,46,36,34,83,30,12,58,41,71,18,97,65,66,28,27,20,31,77,76,90,6,51,37,45,80,19,86,60,73,39,100,43,2,33,29,72,84,75,79,59,69,48,32,38,13,16,10,93,98,49,68,44,11,56,88,5,63,61,22,42,23,70,15,74,94,53,47,91,57,64,3,21,55,78,9,7,26,24,87,14,8,50,81,35,62,85,25,67,95,92,52,96,82,54,4,99
The best distance is: 146474.28
The result is generation: 100 of popsize: 100 of KROA100.tsp 
55,33,76,95,50,27,93,97,22,24,53,56,28,6,59,88,42,16,69,11,54,3,82,8,72,38,10,65,32,23,94,39,12,89,25,47,68,96,62,75,17,79,36,83,67,80,85,73,35,81,15,60,70,31,5,61,64,40,45,99,2,87,13,63,92,1,18,44,78,98,84,58,74,29,51,52,77,34,49,21,66,43,41,26,4,91,57,90,14,20,7,48,30,9,100,86,71,46,37,19
The best distance is: 143137.68
The result is generation: 200 of popsize: 100 of KROA100.tsp 
92,65,51,100,52,73,2,78,81,70,94,88,11,4,96,72,6,74,62,59,90,89,19,10,84,21,17,57,7,85,91,49,77,22,50,43,68,55,9,20,71,63,79,28,31,47,12,61,56,97,75,26,18,83,36,76,53,15,58,86,99,24,32,1,66,37,82,27,41,30,3,39,23,69,40,5,45,38,48,33,64,16,44,87,93,54,14,60,67,46,80,13,34,29,95,25,8,35,98,42
The best distance is: 139048.0
The result is generation: 50 of popsize: 10 of KROC100.tsp 
73,51,20,94,8,67,3,97,65,7,28,26,29,48,25,16,32,54,23,86,89,31,79,80,58,91,40,96,33,53,12,52,98,13,22,4,21,95,17,71,64,14,56,92,44,37,49,100,50,5,55,35,74,10,87,60,72,90,88,6,62,93,78,85,39,61,68,43,81,99,18,46,83,19,34,77,38,1,75,24,66,36,2,15,70,42,84,27,82,63,11,76,47,30,41,9,69,45,57,59
The best distance is: 153454.44
The result is generation: 100 of popsize: 10 of KROC100.tsp 
77,24,76,12,81,3,43,100,13,50,56,9,90,28,48,62,59,27,15,21,22,7,10,86,57,79,47,16,52,29,84,26,82,36,89,14,80,95,41,87,23,54,38,91,98,70,46,19,2,58,33,25,71,35,20,61,11,34,40,78,72,55,66,74,63,94,88,17,4,1,64,49,96,85,39,30,92,99,51,97,53,44,18,60,68,5,45,31,75,8,6,32,42,65,73,83,67,69,93,37
The best distance is: 158994.23
The result is generation: 200 of popsize: 10 of KROC100.tsp 
34,72,18,33,78,50,96,84,1,57,29,79,48,37,43,55,45,51,100,63,10,93,13,24,4,95,36,74,65,41,53,75,54,20,77,8,56,73,19,87,14,88,64,22,42,81,11,83,91,58,16,70,99,15,32,85,61,27,26,5,39,92,76,25,94,46,31,71,28,69,40,6,12,80,89,35,86,60,98,44,9,3,23,66,68,67,82,97,47,90,2,49,17,30,38,62,59,7,52,21
The best distance is: 160369.71
The result is generation: 50 of popsize: 20 of KROC100.tsp 
86,71,55,66,74,40,10,4,44,36,69,59,29,97,33,96,98,80,43,34,72,7,90,35,46,47,57,18,67,14,88,65,31,22,5,78,60,64,75,52,82,21,13,6,76,99,87,70,77,91,63,15,26,11,45,12,53,3,23,92,79,1,49,37,16,32,84,62,19,95,61,73,27,48,100,50,94,28,39,41,17,89,30,85,58,25,8,54,51,83,81,42,2,56,20,38,68,9,24,93
The best distance is: 151980.4
The result is generation: 100 of popsize: 20 of KROC100.tsp 
68,56,61,33,93,74,14,35,32,23,86,45,69,80,85,82,16,43,73,21,81,66,57,65,36,41,49,64,12,26,99,40,95,28,3,38,24,19,31,55,90,52,10,25,11,84,87,37,62,1,46,8,30,15,6,42,2,54,47,94,71,20,17,58,75,83,5,63,67,79,70,9,4,13,100,89,29,59,98,44,27,53,22,50,39,72,88,97,34,91,48,92,60,7,51,18,96,78,76,77
The best distance is: 148157.71
The result is generation: 200 of popsize: 20 of KROC100.tsp 
91,95,71,59,6,83,99,34,73,33,15,89,19,17,31,84,27,63,77,14,69,60,75,42,36,11,72,12,61,67,47,38,90,43,21,1,65,88,56,50,64,68,20,58,22,44,39,30,62,25,28,46,80,93,74,23,81,96,41,2,32,4,86,55,66,8,35,70,29,9,78,87,26,79,40,52,51,85,98,92,57,10,97,54,16,76,13,48,45,24,37,3,82,49,7,18,53,100,5,94
The best distance is: 147323.27
The result is generation: 50 of popsize: 50 of KROC100.tsp 
7,25,42,59,97,45,33,83,9,91,54,21,46,84,82,1,53,79,55,98,49,51,40,52,94,8,50,24,27,69,19,18,26,68,30,72,75,93,63,11,60,80,43,62,39,2,34,76,61,87,3,36,57,89,31,44,78,73,13,35,99,20,48,10,32,23,47,17,95,28,5,74,71,29,6,92,86,66,22,64,4,70,12,81,14,37,15,85,38,100,65,41,67,77,90,56,88,58,16,96
The best distance is: 147042.8
The result is generation: 100 of popsize: 50 of KROC100.tsp 
20,21,44,19,82,32,68,23,12,49,35,72,58,3,46,25,63,37,24,39,90,62,34,76,100,77,95,4,52,15,73,45,81,85,56,29,70,75,36,11,16,18,27,40,53,48,31,89,50,83,93,1,67,8,64,43,91,61,96,5,84,71,47,97,7,55,6,80,26,9,99,66,59,33,65,22,30,79,38,86,60,51,92,74,98,94,13,87,41,17,57,14,69,54,42,2,88,28,78,10
The best distance is: 148903.29
The result is generation: 200 of popsize: 50 of KROC100.tsp 
66,63,29,46,93,81,11,40,57,72,20,84,67,73,15,7,85,70,88,5,12,24,43,80,38,58,79,10,36,30,3,96,25,35,77,21,60,19,4,59,97,33,82,27,91,61,26,54,37,95,34,52,1,100,89,55,64,47,2,65,32,98,69,39,50,68,53,83,6,86,75,28,22,78,18,48,45,92,56,9,13,8,94,76,74,41,17,90,23,87,16,14,99,44,71,62,49,51,42,31
The best distance is: 145630.1
The result is generation: 50 of popsize: 100 of KROC100.tsp 
76,70,100,68,58,71,43,27,42,47,85,1,53,8,64,49,52,45,69,95,50,18,36,60,28,82,2,89,19,44,33,59,62,90,67,23,57,13,6,35,24,41,92,65,79,83,94,5,11,81,96,78,20,3,22,16,99,46,26,86,54,98,34,93,32,21,77,7,31,12,61,56,30,80,25,38,84,37,63,17,73,55,88,4,40,51,66,97,14,72,39,9,29,91,10,75,15,87,74,48
The best distance is: 145024.43
The result is generation: 100 of popsize: 100 of KROC100.tsp 
25,88,63,9,48,40,97,12,4,100,42,67,6,39,98,72,34,17,83,55,61,19,2,73,20,64,28,31,69,77,41,74,24,35,84,10,58,65,43,80,30,26,60,1,49,36,27,29,8,23,50,94,96,79,92,16,13,37,11,32,52,82,90,51,44,18,75,53,15,85,62,68,86,91,45,78,47,95,7,3,87,22,5,70,54,33,81,93,71,56,59,99,38,57,66,46,21,89,14,76
The best distance is: 142422.26
The result is generation: 200 of popsize: 100 of KROC100.tsp 
54,91,94,45,18,12,16,7,26,9,47,20,67,17,82,15,46,61,86,5,62,74,81,6,79,77,41,2,93,10,75,28,21,36,65,1,27,92,52,51,31,84,70,42,64,35,8,95,53,57,85,96,30,37,24,87,99,49,19,38,100,89,11,48,78,80,59,14,3,33,63,44,50,4,68,25,66,32,40,69,60,72,97,34,90,13,83,88,71,73,39,29,76,98,55,23,22,58,56,43
The best distance is: 135478.11
The result is generation: 50 of popsize: 10 of LIN105.tsp 
80,59,99,83,21,34,28,37,51,69,57,78,44,93,49,24,104,26,11,2,67,53,79,84,18,91,8,22,63,10,33,60,4,64,75,61,54,47,12,68,27,43,76,62,103,3,5,45,58,16,36,35,7,101,56,94,88,31,46,86,39,102,52,40,9,1,19,90,17,41,13,73,97,74,6,82,89,14,29,15,30,38,20,87,71,50,95,100,105,98,48,70,81,77,85,25,72,65,42,23,55,32,96,92,66
The best distance is: 115276.96
The result is generation: 100 of popsize: 10 of LIN105.tsp 
48,34,46,28,21,69,68,23,17,33,1,73,12,32,59,14,58,105,98,4,13,43,63,57,29,71,61,55,20,70,62,88,79,104,19,7,54,103,56,91,78,31,67,92,81,18,8,39,53,100,84,101,42,47,11,50,97,5,85,3,2,102,94,95,89,87,40,45,80,30,24,60,49,37,44,9,93,6,65,99,64,83,38,86,74,16,15,52,36,82,72,96,76,66,22,90,75,10,35,77,26,27,51,25,41
The best distance is: 114766.87
The result is generation: 200 of popsize: 10 of LIN105.tsp 
2,23,41,29,20,65,14,83,32,57,69,13,71,35,45,82,92,96,91,53,39,22,86,81,88,7,30,73,59,64,26,68,21,43,93,85,52,61,11,87,18,37,55,44,15,1,38,36,105,31,16,76,42,10,78,49,72,89,84,79,95,56,90,94,48,98,80,70,6,12,4,25,17,9,66,60,28,62,46,104,75,102,67,99,34,101,19,103,63,77,100,47,3,24,33,50,74,5,97,8,27,58,51,54,40
The best distance is: 112194.48
The result is generation: 50 of popsize: 20 of LIN105.tsp 
31,2,40,43,56,102,39,30,66,87,48,52,22,45,26,25,86,74,57,49,19,46,32,37,63,51,58,90,95,99,17,96,60,33,101,78,34,12,79,92,38,77,64,85,91,42,72,71,23,68,35,5,62,59,93,73,88,53,65,94,54,61,50,20,8,27,9,98,100,44,105,80,15,28,47,82,97,81,75,103,29,55,89,104,14,1,41,18,10,76,11,7,21,69,6,67,3,84,13,24,36,4,16,70,83
The best distance is: 110758.85
The result is generation: 100 of popsize: 20 of LIN105.tsp 
31,69,76,10,103,32,101,89,55,11,104,48,86,90,4,39,14,105,37,13,59,6,5,47,15,7,1,51,17,28,74,91,24,85,20,77,41,40,66,38,70,98,12,16,44,63,102,97,83,57,100,71,64,96,67,19,73,27,33,3,36,62,80,75,65,23,54,35,42,56,99,93,58,94,18,30,9,2,8,88,26,29,43,52,60,87,45,50,78,49,92,81,84,53,72,82,95,68,61,21,79,22,25,34,46
The best distance is: 105819.78
The result is generation: 200 of popsize: 20 of LIN105.tsp 
97,69,87,79,74,76,55,82,52,99,77,75,100,30,9,31,39,16,40,94,62,11,71,46,19,33,15,43,56,104,103,88,86,102,65,34,32,10,14,58,89,36,85,57,26,8,64,66,63,68,12,92,1,27,96,98,84,72,90,81,41,60,44,17,37,3,18,80,53,28,59,93,21,67,54,61,47,95,83,50,42,73,105,24,51,101,2,38,49,22,7,25,6,20,35,70,45,23,13,5,29,4,48,78,91
The best distance is: 106202.39
The result is generation: 50 of popsize: 50 of LIN105.tsp 
44,27,17,5,34,25,21,10,22,35,47,1,68,51,63,100,31,11,9,12,64,55,2,33,60,74,56,3,6,18,67,30,78,70,43,40,57,45,16,29,102,39,13,95,88,28,38,84,87,76,75,73,101,83,58,53,66,69,4,41,89,72,98,104,52,49,32,15,46,23,96,48,86,90,85,54,93,81,105,62,103,80,99,42,82,61,94,79,91,71,50,97,36,92,19,24,14,26,20,77,65,59,7,8,37
The best distance is: 102316.16
The result is generation: 100 of popsize: 50 of LIN105.tsp 
26,7,99,50,30,11,19,25,3,60,70,54,104,1,38,47,55,75,14,35,12,18,28,8,2,94,67,24,52,85,92,103,5,6,17,45,34,64,88,36,21,63,13,22,41,49,42,69,56,100,32,20,97,40,82,27,53,73,37,16,31,23,105,98,76,29,10,15,39,91,96,89,71,86,81,79,46,58,44,43,59,78,51,101,62,57,84,68,95,83,93,65,61,72,33,9,102,87,66,74,80,48,90,77,4
The best distance is: 100828.76
The result is generation: 200 of popsize: 50 of LIN105.tsp 
21,85,94,93,97,68,95,87,91,79,100,54,81,65,62,101,25,36,71,55,56,49,30,73,40,16,59,38,37,46,9,75,69,31,77,67,57,78,1,22,6,27,24,82,35,39,8,103,53,92,88,74,15,19,70,2,26,12,98,102,41,80,105,17,20,5,50,84,96,99,104,66,52,32,51,10,89,13,29,28,11,4,7,60,43,42,63,48,45,23,33,3,72,58,18,86,83,76,61,64,14,34,44,47,90
The best distance is: 104618.29
The result is generation: 50 of popsize: 100 of LIN105.tsp 
33,49,37,53,82,94,52,65,68,6,10,17,13,15,81,83,18,12,31,61,100,92,85,70,76,101,26,20,44,103,95,27,4,91,90,62,59,105,89,36,45,96,42,71,97,78,54,73,3,38,41,57,93,28,24,22,74,23,102,80,47,66,39,21,87,77,30,43,98,79,84,86,46,69,40,60,75,8,7,29,32,11,64,51,5,35,16,55,50,48,72,56,63,67,99,2,1,19,88,9,58,34,25,14,104
The best distance is: 106670.32
The result is generation: 100 of popsize: 100 of LIN105.tsp 
38,25,30,22,74,89,5,4,16,28,68,43,61,54,79,86,17,105,63,94,50,45,35,42,23,37,27,18,75,82,52,14,9,47,103,10,29,56,60,46,15,64,57,96,49,19,95,69,72,20,76,53,44,65,62,97,12,7,39,6,31,24,33,51,77,3,32,58,81,41,34,83,59,85,100,40,55,93,11,98,91,90,88,36,104,48,102,67,2,99,71,66,73,80,70,92,101,78,84,87,8,21,1,26,13
The best distance is: 101323.15
The result is generation: 200 of popsize: 100 of LIN105.tsp 
76,72,63,12,50,54,14,62,20,59,10,38,11,103,25,26,28,16,23,51,45,32,27,66,88,4,17,31,19,42,41,98,21,7,37,39,30,47,22,15,77,65,18,2,6,43,89,49,94,53,34,9,35,101,90,29,1,81,97,74,64,75,40,85,96,44,46,60,91,84,8,5,70,105,95,73,78,67,83,93,52,99,80,92,82,71,69,3,86,24,55,79,68,58,56,13,33,57,48,104,102,87,61,100,36
The best distance is: 100636.31
The result is generation: 50 of popsize: 10 of PCB442.tsp 
320,2,117,72,32,85,224,267,417,290,428,128,3,21,77,38,421,56,42,201,137,91,302,281,274,271,208,367,40,250,233,275,434,333,204,236,59,353,215,80,100,109,57,121,103,372,305,336,191,218,304,248,55,397,37,314,172,88,107,116,341,126,268,25,177,198,331,377,102,175,323,51,35,187,403,368,202,371,214,124,146,169,439,392,158,130,401,164,61,293,359,199,127,114,196,118,286,291,400,365,273,184,385,10,74,145,430,200,225,262,33,93,310,296,66,219,105,228,390,343,110,189,254,427,211,22,194,409,332,312,90,106,162,318,131,149,297,338,379,108,81,433,289,180,82,334,15,420,325,404,287,364,83,429,178,165,246,373,1,272,186,408,49,329,282,380,398,253,306,140,52,138,11,69,70,411,174,288,370,212,349,337,241,357,210,217,176,113,30,197,143,360,393,206,220,316,347,242,307,237,104,26,311,355,185,278,43,283,99,209,423,303,298,14,438,141,258,205,216,16,166,319,381,13,321,54,402,395,374,34,17,442,294,76,330,18,125,98,345,431,151,173,361,188,222,65,45,327,263,8,308,75,279,27,266,7,386,407,129,5,41,322,432,167,223,415,414,356,436,60,255,422,437,195,226,326,193,122,239,48,156,19,115,292,244,260,378,252,97,87,84,419,78,424,269,153,280,6,413,144,245,67,89,221,235,62,112,183,300,285,53,230,168,152,389,383,346,313,96,12,171,301,20,351,119,50,120,73,295,23,342,170,31,232,384,363,160,147,406,340,163,71,181,261,299,36,132,264,394,257,123,369,95,440,366,387,192,315,79,9,265,251,47,277,133,256,412,161,317,344,350,426,234,64,179,276,396,150,135,29,418,348,375,405,238,335,399,157,58,101,213,416,39,240,328,362,382,388,28,203,111,358,247,354,352,44,68,324,136,229,155,435,190,159,148,4,259,24,227,441,94,309,154,142,391,243,63,182,231,86,425,284,376,92,46,134,249,139,207,339,410,270
The best distance is: 757715.66
The result is generation: 100 of popsize: 10 of PCB442.tsp 
427,4,320,3,391,435,409,424,417,395,47,307,364,128,245,286,311,353,48,238,349,342,185,217,7,113,31,213,294,61,182,438,439,158,102,356,108,302,10,288,283,151,425,136,184,259,240,253,148,394,405,361,130,147,142,318,419,362,190,199,215,168,54,266,329,146,284,370,189,384,219,71,129,328,53,426,133,258,121,281,367,35,408,345,235,82,380,180,214,401,315,72,263,319,15,99,104,304,170,80,441,36,103,188,57,257,277,205,410,413,321,135,412,118,46,59,386,90,5,32,389,264,115,94,262,23,86,40,404,212,64,93,154,399,186,251,204,414,69,49,347,228,153,222,340,390,8,78,145,37,223,428,134,77,354,297,314,195,126,313,96,231,84,131,218,378,18,244,41,28,79,372,383,268,326,58,124,336,237,89,295,171,418,357,150,346,308,348,181,260,193,198,250,110,309,415,208,343,52,202,421,351,221,111,271,373,70,21,363,172,279,359,166,183,366,433,17,282,211,232,280,305,330,92,76,350,81,149,323,393,310,387,275,440,229,155,400,273,163,236,431,397,276,137,300,338,334,226,265,120,38,306,316,67,65,62,101,392,396,317,246,358,324,344,141,83,299,43,298,119,274,278,420,422,13,255,407,261,200,191,333,225,206,239,272,327,352,143,252,91,112,127,9,429,233,256,42,164,123,270,30,125,296,243,63,207,285,335,68,60,24,249,291,33,292,227,162,242,430,341,138,339,312,411,55,22,56,403,436,19,382,381,161,25,95,109,44,152,322,160,140,375,388,107,157,406,159,105,402,432,385,165,16,398,434,51,12,376,301,374,416,14,11,1,85,337,73,169,174,269,167,360,97,379,2,287,50,224,75,27,365,177,139,325,45,173,98,210,144,6,66,106,289,442,331,254,216,20,29,175,100,437,293,26,248,178,241,247,117,209,74,87,201,303,187,156,203,196,220,116,377,176,197,267,423,194,122,114,234,332,371,355,230,34,290,192,369,39,132,179,368,88
The best distance is: 755260.59
The result is generation: 200 of popsize: 10 of PCB442.tsp 
410,429,141,201,314,28,382,202,438,423,87,119,142,198,16,26,143,111,387,251,293,301,176,354,249,264,333,318,187,86,336,400,173,265,11,91,390,290,154,415,247,222,261,225,35,100,229,9,217,53,107,133,335,168,82,252,346,145,138,36,379,377,99,339,105,360,157,12,209,246,124,66,226,147,132,260,348,191,233,109,155,257,316,384,4,152,224,136,326,306,275,161,70,397,268,422,308,442,207,120,188,123,330,193,245,74,159,230,179,227,403,216,59,92,166,30,395,292,356,64,272,127,73,298,286,23,367,320,214,404,182,170,355,139,78,270,282,190,351,65,150,332,151,357,241,232,153,392,89,41,299,256,277,8,88,302,334,338,322,370,255,284,234,236,213,79,263,15,203,46,172,33,77,321,276,437,2,128,69,361,85,244,358,110,178,347,83,297,362,427,158,117,378,235,47,219,20,271,6,285,60,412,359,185,174,342,148,373,93,242,10,118,17,106,435,381,61,162,211,262,75,98,279,126,394,37,194,5,56,167,31,408,434,130,3,238,67,24,19,364,97,40,253,287,25,101,349,300,125,295,426,352,14,328,197,366,406,396,192,327,337,180,135,278,428,13,184,51,57,140,430,254,324,419,183,55,313,149,418,310,129,420,39,343,248,237,32,291,353,164,368,388,365,439,417,341,221,137,281,363,113,204,7,371,1,121,181,21,95,112,350,375,116,144,210,407,63,171,131,38,80,212,45,115,433,414,220,50,374,44,49,380,215,372,311,146,134,108,280,122,344,431,440,206,411,205,303,68,405,175,398,385,42,58,409,369,104,269,317,96,319,273,294,163,27,391,52,208,274,228,424,200,289,402,399,266,425,436,401,103,156,331,239,114,34,250,305,165,389,94,71,393,329,102,189,243,376,296,62,18,186,76,169,413,441,43,22,315,340,199,54,84,304,29,267,90,312,196,258,231,323,307,48,432,81,240,309,223,386,421,72,160,195,416,259,177,288,283,345,383,218,325
The best distance is: 754673.81
The result is generation: 50 of popsize: 20 of PCB442.tsp 
27,185,227,131,381,40,270,253,279,355,62,144,201,369,373,312,288,351,145,242,285,442,210,290,41,100,266,400,280,23,167,14,352,319,150,198,72,193,94,260,385,219,339,347,368,76,441,372,119,91,268,336,371,115,314,438,334,225,163,318,37,343,90,364,329,370,331,33,212,401,245,186,376,224,154,60,55,410,121,120,147,390,223,282,5,244,411,183,110,363,404,30,18,246,81,414,82,394,272,83,106,326,233,359,226,278,102,340,328,155,80,276,330,173,128,13,289,379,99,377,71,386,118,164,427,157,301,78,300,208,169,179,321,263,281,403,56,238,137,84,58,125,402,335,439,393,15,113,269,422,294,306,346,287,98,332,138,45,237,124,316,307,440,362,391,207,66,74,9,152,126,12,7,188,67,205,367,337,26,418,423,3,361,31,19,132,32,344,197,424,271,107,96,21,257,42,358,204,44,299,283,111,297,93,437,221,413,274,95,2,380,53,255,38,180,158,209,77,211,25,89,109,248,235,86,69,345,184,160,258,177,431,133,249,139,122,408,202,426,51,108,189,165,265,203,134,64,430,302,436,421,146,251,63,142,16,103,135,428,222,250,309,338,159,304,192,75,342,259,68,117,315,387,170,384,256,181,101,35,293,310,313,218,275,425,353,292,395,39,262,105,327,354,366,156,141,65,206,382,129,214,213,412,236,174,432,374,405,388,61,429,406,104,48,419,434,217,190,92,239,46,176,375,97,52,232,166,333,85,87,88,151,178,171,49,383,273,409,398,116,148,320,6,11,200,247,22,325,199,298,417,311,341,396,195,24,143,130,162,17,322,29,399,127,348,54,140,50,305,435,241,229,252,349,36,433,295,10,28,79,264,357,57,168,43,261,228,323,243,8,73,324,240,114,172,20,291,34,360,123,153,407,47,136,70,1,284,112,149,308,194,356,416,216,234,277,397,296,286,187,317,230,365,182,59,4,378,220,389,161,196,231,267,191,415,175,350,215,420,254,303,392
The best distance is: 734586.33
The result is generation: 100 of popsize: 20 of PCB442.tsp 
39,16,272,327,166,341,134,96,263,413,174,211,333,434,321,356,283,407,299,320,44,103,142,71,315,362,189,364,400,380,271,371,60,199,277,73,106,382,251,34,9,260,395,93,248,92,144,154,87,122,157,219,367,388,224,13,216,418,429,180,290,440,194,281,69,113,102,240,318,297,77,324,187,337,437,183,349,424,421,361,29,116,306,270,358,259,302,293,51,100,190,379,107,396,394,291,399,298,307,178,342,124,91,287,363,165,158,258,334,67,422,55,415,351,229,72,5,98,200,420,432,300,6,414,385,220,110,47,128,202,403,344,378,376,195,28,196,54,129,430,303,280,63,52,30,401,88,204,171,11,383,168,145,201,336,172,428,36,304,198,375,389,311,329,406,381,296,416,177,97,288,62,148,408,264,24,143,33,139,49,222,436,233,226,99,46,369,111,146,120,330,267,339,86,3,435,346,419,225,181,176,217,352,255,213,82,218,203,398,205,21,228,261,405,284,316,278,340,192,386,50,68,70,136,53,126,326,182,81,152,319,348,141,237,442,79,84,149,314,38,365,357,322,343,1,127,433,234,350,417,209,48,162,223,246,282,243,402,8,309,410,236,64,170,227,325,323,35,184,210,215,15,276,373,104,392,390,163,131,245,301,305,232,242,151,37,359,391,310,266,179,26,18,89,353,2,65,208,313,250,150,397,256,56,268,159,41,10,252,347,27,12,331,441,115,147,83,85,409,20,133,412,130,14,17,387,132,279,191,80,135,123,230,32,317,164,23,249,74,269,138,101,426,393,140,431,185,121,384,90,221,244,338,273,275,160,156,119,76,40,193,175,153,377,22,19,257,45,345,332,289,137,368,370,4,231,286,425,186,114,118,262,328,61,238,423,411,25,294,438,285,155,247,253,188,78,404,197,214,265,355,57,427,59,108,105,95,109,42,7,374,295,274,312,292,239,235,354,207,360,31,58,167,241,169,212,66,117,372,335,112,75,43,125,254,206,173,161,366,94,308,439
The best distance is: 720213.84
The result is generation: 200 of popsize: 20 of PCB442.tsp 
121,351,405,336,345,109,208,218,209,317,80,128,437,261,290,352,343,33,214,278,295,319,161,356,26,125,426,204,138,72,282,243,193,86,118,401,300,188,355,314,285,340,25,292,331,324,384,47,7,212,98,418,70,289,222,353,153,327,38,227,270,435,137,264,84,66,296,164,428,62,101,232,427,113,63,120,393,134,13,348,301,408,82,73,54,378,65,436,171,266,263,420,235,131,114,71,2,406,152,217,271,373,387,382,326,244,64,165,150,423,369,177,110,55,96,297,304,312,31,133,81,119,88,35,68,146,83,392,425,34,260,302,394,100,69,99,240,145,158,139,329,170,410,280,361,51,433,154,36,316,279,346,313,18,75,108,337,160,57,42,338,129,328,303,19,32,92,367,172,250,332,442,216,166,377,251,202,77,310,199,422,365,424,395,267,265,60,102,74,37,198,253,288,396,237,389,196,11,246,106,309,187,325,400,440,58,30,180,203,322,103,173,375,220,229,67,224,358,176,43,291,287,221,305,321,213,16,431,359,142,156,207,245,115,157,4,386,414,123,274,107,364,330,200,151,350,416,205,349,281,379,39,22,46,12,20,45,233,8,419,1,93,344,242,371,275,112,372,21,189,333,248,191,135,28,294,183,219,61,163,223,5,178,308,434,241,56,259,334,234,299,174,441,127,438,412,105,255,258,184,407,185,136,239,186,249,162,132,388,195,155,262,149,17,87,94,85,236,347,49,256,169,357,293,230,41,9,277,238,59,97,368,354,50,403,318,391,143,417,159,48,311,215,53,268,210,190,397,206,411,181,211,362,398,413,374,197,430,14,283,15,24,116,175,252,144,272,380,315,307,147,339,228,140,439,76,225,40,306,126,341,91,117,276,286,390,10,385,323,363,3,148,179,399,124,429,6,415,89,122,90,44,52,201,370,366,194,320,141,111,298,360,95,29,231,247,409,402,167,257,335,273,404,376,381,23,284,79,269,182,168,383,226,432,342,104,254,421,27,130,78,192
The best distance is: 717728.21
The result is generation: 50 of popsize: 50 of PCB442.tsp 
269,439,26,124,323,363,91,285,431,65,370,210,393,246,319,71,83,265,198,377,116,131,307,188,98,222,92,27,390,114,248,168,293,343,199,253,327,135,237,128,234,202,404,23,82,172,413,233,432,76,57,86,142,402,220,335,374,328,134,52,205,193,430,123,411,368,245,362,357,378,243,16,8,306,236,320,105,107,111,22,75,55,80,194,401,173,345,303,348,405,366,422,203,383,103,126,85,257,96,132,325,204,403,73,145,68,416,291,241,201,46,349,225,361,169,112,417,50,63,77,409,249,72,20,290,10,341,302,300,48,79,288,102,434,382,51,442,277,261,7,176,165,360,271,36,250,263,312,31,254,147,146,389,195,223,84,38,226,258,138,40,120,158,252,121,180,334,294,391,355,316,310,221,166,182,438,191,93,119,39,209,217,151,167,149,206,216,232,144,336,353,161,28,130,437,339,270,3,279,185,415,340,255,384,190,436,376,9,62,239,171,433,280,440,356,346,284,359,18,211,338,35,278,425,110,106,141,435,101,231,358,276,418,6,373,268,423,24,344,260,133,299,25,87,424,297,395,152,170,154,406,281,235,354,274,333,407,129,200,113,115,186,298,247,351,43,56,398,189,387,2,42,429,30,59,214,156,49,12,178,54,150,14,350,342,164,197,5,331,192,292,17,13,45,375,227,318,262,15,148,392,66,47,174,70,127,273,264,420,32,369,125,238,213,266,179,159,74,371,441,347,177,29,259,283,88,21,282,301,99,381,109,41,240,219,321,296,207,397,118,428,228,399,160,67,311,322,295,224,426,251,419,386,244,396,61,44,215,379,1,230,308,412,218,139,196,256,329,315,326,137,175,181,364,332,272,34,287,286,69,78,267,64,408,143,388,162,97,33,184,394,100,337,367,324,4,414,352,108,89,313,19,385,410,163,136,187,153,305,289,140,400,229,81,58,95,304,317,37,90,11,380,212,183,421,155,309,427,60,365,314,122,94,372,117,275,242,330,208,53,157,104
The best distance is: 722858.4
The result is generation: 100 of popsize: 50 of PCB442.tsp 
378,249,294,366,57,1,9,77,47,126,158,415,373,27,391,265,10,433,13,253,429,324,230,285,275,359,58,260,365,317,234,186,89,129,350,363,2,419,434,276,319,102,241,322,438,42,183,303,278,3,137,382,59,107,43,5,166,310,269,75,273,352,291,223,144,409,135,109,69,423,29,337,395,174,283,368,398,208,355,403,344,215,84,263,87,396,50,226,199,323,270,402,271,356,115,149,76,228,289,66,258,311,161,154,49,121,99,191,22,168,33,380,237,150,256,19,369,70,97,232,297,139,140,282,245,235,127,181,211,288,180,418,83,277,132,299,259,416,88,110,390,145,231,354,202,170,325,224,71,305,427,384,272,334,296,216,413,361,358,292,218,314,329,300,414,64,163,31,124,20,32,73,312,217,421,92,405,432,113,328,426,238,133,148,308,339,376,236,63,134,206,307,440,188,243,400,6,242,290,44,192,72,204,336,143,100,425,331,104,85,345,261,197,198,349,410,40,138,301,36,279,313,4,394,164,21,393,254,287,65,178,155,41,35,209,118,370,125,210,233,353,309,320,153,146,142,316,81,435,172,422,430,90,16,251,266,194,156,167,187,48,105,175,357,147,302,112,335,442,193,375,184,326,86,30,23,17,195,203,281,160,399,389,428,117,45,116,78,374,94,80,348,387,347,377,54,98,371,420,106,141,250,298,95,332,304,268,190,18,439,131,220,15,177,108,286,295,293,74,201,213,82,346,68,431,246,362,388,205,424,386,173,227,411,306,280,130,159,408,397,383,321,264,252,221,441,61,364,151,176,103,136,67,28,51,267,338,437,262,318,62,39,284,79,212,162,330,248,229,179,385,120,340,214,114,34,219,157,55,96,367,101,52,343,182,255,165,244,392,119,53,46,12,26,171,274,222,257,240,207,315,14,381,225,239,341,93,417,372,351,406,185,7,128,11,37,200,189,401,111,60,25,91,123,247,327,56,38,407,152,412,436,122,360,379,24,404,342,169,8,333,196
The best distance is: 698750.9
The result is generation: 200 of popsize: 50 of PCB442.tsp 
167,155,375,78,33,109,353,270,39,311,318,152,358,292,285,26,341,168,252,370,171,181,343,294,313,350,281,259,65,143,17,199,279,403,38,149,34,16,59,307,185,77,246,126,51,103,244,254,373,255,154,137,156,266,22,129,80,362,267,271,336,348,290,371,374,241,209,218,260,406,62,90,183,404,145,173,248,192,412,134,94,31,69,48,63,111,425,332,86,23,141,423,195,275,107,25,381,439,83,30,47,130,388,256,128,114,250,263,213,93,172,380,302,190,157,421,54,202,386,230,106,232,32,314,319,356,226,265,119,249,338,61,19,85,436,72,9,365,177,262,100,243,163,240,325,411,135,121,12,110,405,164,233,420,363,432,207,123,88,45,68,392,303,236,442,426,274,76,175,55,409,376,186,273,178,228,64,339,79,67,306,138,416,282,133,82,438,278,410,160,413,131,101,113,377,118,147,283,301,330,305,261,357,216,15,182,112,434,422,440,150,50,66,430,125,329,360,435,327,210,115,162,1,238,179,286,139,18,224,429,293,161,399,349,201,3,227,117,384,170,96,197,56,99,247,196,361,407,187,144,326,221,208,2,390,331,378,295,391,132,310,73,127,220,346,419,394,229,146,200,6,169,379,5,108,116,44,277,104,151,414,223,122,166,269,320,60,120,287,43,389,321,24,74,268,366,355,165,369,359,289,309,264,214,97,402,36,14,8,387,284,102,188,28,11,142,53,276,408,245,225,342,433,398,184,299,396,272,193,206,237,13,383,180,204,89,372,352,328,393,7,427,75,10,324,424,37,242,334,397,347,215,21,280,428,87,291,41,431,217,417,441,174,92,212,231,401,257,91,46,40,418,158,136,81,49,351,308,235,415,297,95,385,367,437,20,335,344,211,98,219,345,148,354,251,222,70,52,153,317,337,304,322,296,253,258,140,298,4,189,198,312,364,124,27,382,57,176,105,84,58,29,205,300,203,35,288,159,71,194,395,333,368,234,400,42,323,340,191,239,316,315
The best distance is: 691733.85
The result is generation: 50 of popsize: 100 of PCB442.tsp 
404,24,70,297,244,203,359,265,30,211,315,128,395,121,47,304,441,288,294,79,224,59,416,123,135,125,377,196,259,113,413,386,56,58,303,225,60,130,25,422,371,367,340,299,215,104,436,205,272,260,61,198,403,126,296,190,314,242,170,418,116,290,280,239,66,257,68,392,428,207,167,159,129,13,313,185,162,383,73,238,163,27,378,119,264,412,141,154,173,325,262,235,172,364,292,98,28,300,149,407,414,184,344,273,421,408,118,140,220,372,352,347,144,332,431,440,229,214,298,12,136,353,423,49,137,351,402,124,20,160,109,117,210,328,171,217,110,111,295,86,256,1,399,91,197,76,175,181,275,379,75,425,349,41,261,398,142,433,85,419,365,64,108,271,134,193,268,101,405,243,146,209,169,150,370,410,206,350,3,368,2,5,228,311,227,310,189,202,302,21,114,180,248,218,335,393,338,289,269,72,164,278,345,94,306,363,291,102,69,380,240,67,382,95,415,216,233,187,161,63,250,82,40,55,279,179,286,409,333,318,249,51,45,99,330,366,396,293,7,52,87,152,341,26,9,222,348,381,53,16,23,258,283,426,186,390,132,319,115,22,74,388,375,253,376,411,153,234,219,394,139,252,254,329,391,384,183,417,103,97,358,432,307,326,374,88,232,342,397,17,122,106,145,263,194,442,389,316,324,343,35,131,354,36,43,355,237,236,420,133,361,29,143,80,287,158,284,309,251,54,177,247,148,107,255,78,84,305,199,182,4,323,10,213,46,285,201,120,221,277,373,57,62,93,308,317,208,127,406,312,282,200,178,100,387,246,230,281,34,385,44,39,430,331,437,339,166,48,434,362,327,83,92,439,204,195,320,37,223,165,156,89,226,42,176,105,267,15,400,245,301,38,138,429,321,435,212,147,241,71,11,356,90,168,157,81,8,174,192,424,276,266,77,6,369,155,33,14,360,191,337,438,270,50,31,112,427,19,346,18,334,274,231,188,401,151,96,65,32,336,322,357
The best distance is: 693352.74
The result is generation: 100 of popsize: 100 of PCB442.tsp 
19,392,391,408,22,219,423,81,365,192,378,42,25,182,201,286,440,396,54,163,348,79,97,120,44,360,249,213,146,250,375,383,429,358,333,121,99,357,433,231,324,368,263,134,281,248,241,317,200,338,53,199,259,211,62,308,222,349,32,40,297,107,220,287,336,237,269,244,10,43,235,226,398,166,246,185,69,143,413,298,430,174,422,410,80,352,242,91,197,245,64,224,133,55,285,74,233,17,366,179,236,405,187,7,178,323,181,369,229,257,404,29,315,205,312,343,388,291,295,275,274,380,400,175,153,406,131,209,52,193,148,402,395,397,238,172,265,335,207,218,417,322,45,100,320,152,28,161,355,437,420,108,157,331,256,196,385,345,387,15,350,156,151,56,51,38,41,217,216,313,337,184,36,78,351,292,94,347,305,59,23,92,204,318,319,441,254,314,341,96,240,283,339,424,83,278,202,225,93,16,261,327,171,264,4,393,215,304,372,14,377,33,177,203,362,418,436,76,129,101,84,288,411,282,147,272,409,438,414,307,232,170,155,144,374,176,48,27,145,415,303,394,191,290,300,273,428,239,399,114,5,329,212,442,122,8,118,39,130,86,142,165,359,119,243,334,271,389,90,376,71,30,112,427,139,284,158,137,77,87,189,403,3,310,342,425,103,426,73,57,111,26,110,379,104,149,20,195,344,302,321,421,164,228,277,150,266,109,136,280,49,123,262,364,401,227,34,132,439,162,386,160,260,117,186,326,311,390,58,13,18,293,340,258,361,356,431,66,125,294,412,251,173,363,106,330,367,230,180,61,169,346,373,325,435,255,126,46,98,371,316,332,206,419,1,234,289,198,88,95,105,6,127,301,47,113,159,384,309,68,253,154,70,183,135,190,115,276,268,138,354,168,167,382,252,328,306,299,2,124,247,370,270,37,82,11,9,407,35,50,353,12,60,128,194,31,102,67,432,296,434,221,116,89,75,72,21,188,65,63,24,85,214,223,381,208,416,210,267,279,141,140
The best distance is: 686813.38
The result is generation: 200 of popsize: 100 of PCB442.tsp 
218,275,93,44,317,350,213,72,311,334,82,157,413,124,237,284,116,108,87,435,338,186,302,326,345,368,427,319,346,254,210,426,290,6,55,18,89,197,270,252,169,344,20,61,265,159,132,281,410,441,54,381,34,112,35,442,73,84,53,351,177,208,26,402,266,109,257,429,320,248,222,280,40,85,221,91,58,1,214,70,403,173,407,421,418,282,353,92,430,347,303,365,298,341,321,308,121,141,428,239,227,151,234,67,231,384,11,187,63,113,19,49,285,263,147,48,81,185,86,51,193,128,300,240,162,59,77,250,114,153,176,386,139,135,424,62,305,369,409,52,172,149,7,167,94,327,245,28,340,207,12,145,50,438,274,352,189,24,379,294,23,146,267,385,199,220,391,258,154,396,137,242,37,374,148,247,404,100,69,163,405,358,76,318,133,115,388,142,39,194,101,325,253,45,370,387,226,277,309,171,30,31,212,238,431,291,283,246,414,168,99,203,357,333,330,415,331,382,376,375,32,406,107,392,103,88,262,36,118,98,117,79,183,204,323,289,355,243,307,425,315,256,78,66,17,180,420,144,354,43,216,181,432,310,393,134,296,380,316,233,110,175,399,68,9,42,198,33,75,130,367,195,359,225,264,271,328,288,158,373,184,260,400,131,339,279,306,123,440,224,389,178,22,96,170,349,343,278,97,377,200,398,202,4,14,360,348,411,179,292,161,433,241,434,313,138,364,15,140,230,174,71,136,119,156,251,165,335,324,106,46,423,366,269,205,273,215,362,150,126,417,261,74,166,255,371,437,356,129,8,190,304,297,228,232,244,152,301,223,332,41,120,21,2,211,314,105,38,286,125,192,122,394,439,191,60,5,390,56,80,3,201,395,10,229,235,57,111,102,378,155,219,272,276,90,13,104,408,182,83,416,363,383,295,64,196,419,160,209,336,342,206,436,217,143,412,27,95,268,65,127,188,16,236,322,401,312,287,25,329,259,397,361,422,47,372,299,337,29,164,293,249
The best distance is: 691721.13
The result is generation: 50 of popsize: 10 of PR2392.tsp 
999,363,106,866,1656,1111,1797,1356,568,348,1253,365,1218,1947,1342,1671,1461,413,1103,1182,789,533,833,1322,1974,2177,2325,952,1412,1553,2225,1639,1566,977,891,2102,1025,1440,538,1092,1345,498,49,754,1520,1306,1986,689,324,1064,38,2092,1991,1696,589,1139,764,1651,618,892,815,2,2288,1963,1927,1776,949,2101,1642,1970,1213,429,2240,852,2323,1134,398,572,1476,2337,296,1351,1278,1954,1160,2149,1532,1168,1460,1670,728,1587,1458,144,310,837,972,1511,246,1799,1625,779,838,2312,1891,235,2058,1075,2370,2342,678,25,2190,1494,1953,1781,268,16,1425,1102,392,190,727,1018,1237,339,33,1277,1633,382,845,676,483,904,2354,929,257,1589,638,252,424,2344,2034,1978,1193,1938,890,596,1066,1567,1810,642,1205,405,1402,433,2132,2209,1203,928,581,2208,358,1690,1558,558,1757,1758,1579,1838,2324,901,1186,1729,297,2114,2260,501,23,1993,176,1800,251,117,1120,1869,1548,698,1374,1129,1152,778,455,1937,948,792,390,1636,2117,617,1784,1934,2296,1525,897,418,1609,2291,1603,214,302,1394,973,990,821,2178,1083,1619,1883,1403,844,1479,2091,1804,1823,1916,2350,1516,2270,1347,1260,1855,1280,1200,2041,203,2333,207,1698,442,32,1490,1989,1561,2088,1971,1247,173,417,1793,1724,283,284,373,196,744,1623,1508,1392,427,1221,145,2300,1387,1910,1782,1818,1808,1019,871,1672,1124,1666,819,1068,2115,1070,729,59,1327,292,1385,367,150,2060,1398,2305,953,755,613,2044,1833,1899,863,945,591,277,1033,1803,1887,2075,576,1677,690,1750,250,848,2319,2126,2076,919,42,2338,1312,1538,979,1575,99,1967,808,917,279,409,2163,854,170,939,937,522,92,2016,264,2261,1332,1545,1875,517,1199,855,1363,140,327,714,247,643,1496,1291,857,686,465,1755,1650,1058,1238,1137,2119,907,1866,2086,1741,639,84,1921,1370,1743,262,1377,2151,336,1368,216,903,2285,1159,1510,62,705,1112,224,2192,1357,2322,955,583,1848,528,1189,966,898,179,1028,1497,2186,2083,1362,194,1657,378,2311,258,886,393,1153,253,2355,544,249,193,354,1861,451,529,2304,1117,573,964,2360,445,1015,1596,1794,1821,1830,2098,547,307,876,4,2361,2072,1831,472,136,1115,1714,1236,1003,1976,362,1622,1829,45,1471,549,360,1331,791,671,681,992,2298,1097,1434,389,2035,430,599,1725,1391,968,2078,749,526,1565,1098,981,2202,1180,1421,333,1333,1268,2303,2025,2389,312,2373,1373,263,1687,1089,381,1620,1685,1240,1128,2262,1501,2279,342,759,2334,597,72,13,588,1321,377,900,2239,630,1524,516,611,715,1051,1924,2297,2226,1733,767,631,245,712,326,793,669,160,163,1786,831,56,1850,95,2217,375,2152,1780,1580,1170,1509,204,1266,1078,2137,921,1413,912,1661,1540,141,2090,2195,1437,1539,1585,9,1080,940,667,1747,298,1959,1422,525,102,2000,1528,1569,1526,2084,914,1985,1053,625,1150,1452,366,1769,104,493,282,1244,1977,98,873,2201,2082,412,477,637,2089,31,775,2375,1063,1669,721,1183,2003,1249,817,1809,1732,1572,1313,708,1145,811,569,943,1965,877,2194,1353,832,134,1536,565,1762,512,1514,1837,166,26,402,520,2134,1282,1680,1994,726,1235,248,1418,1220,1731,48,291,1827,2385,1482,52,1298,1521,2080,1738,758,899,1824,19,1110,1949,1451,410,1843,884,675,1364,1901,2062,1048,1958,1359,2276,457,1259,987,334,1599,2242,2039,1606,1935,22,967,78,1905,397,403,2040,2302,315,1630,40,1594,1309,1632,75,2331,691,1222,175,1031,826,1034,1909,652,482,1195,2327,853,120,700,2054,1973,1481,662,1897,2160,622,1777,1404,2130,1847,1884,555,2019,2188,1939,1913,1531,1923,2219,644,1895,1138,624,1369,674,697,2144,1146,1851,1448,709,868,1906,1888,1017,1040,2295,2390,2200,1488,184,387,924,189,2180,350,1983,2066,682,361,181,2211,806,1474,2317,68,537,1765,505,1466,1929,590,2006,228,205,1972,2047,1996,527,1512,661,1493,1969,2173,77,323,956,651,954,925,2106,2183,2362,2021,1893,2112,2068,2109,503,566,2070,1248,577,2380,1546,768,1300,1779,2203,71,1190,1819,2308,2166,783,1206,918,562,355,1723,1892,695,2207,481,188,2150,847,462,1285,46,274,646,169,839,2172,8,1871,586,841,495,316,30,1602,1108,1551,1315,1074,1878,1568,63,73,666,1584,1960,180,2345,225,1029,1615,2169,2067,164,846,1933,1341,1543,1389,388,879,1251,1320,957,920,1198,88,1109,142,2158,1660,441,2037,1044,1127,1890,735,896,1707,1367,2290,553,380,344,64,1216,1641,1664,2249,1014,147,1118,1841,1178,609,633,2273,2277,781,2096,476,975,978,2057,2356,237,2007,722,2073,2309,2165,1563,2251,2121,719,548,439,592,2164,835,2341,2174,349,1223,961,1395,1032,641,21,2346,1629,1964,1704,1505,1174,151,1435,605,2314,6,289,608,1860,215,1004,994,202,153,1682,2131,704,1756,2268,1710,213,119,352,325,1562,604,1877,466,256,889,717,1975,1663,796,1785,2029,2229,962,982,2008,91,1659,2241,108,1105,739,1658,1806,1766,1011,1694,1943,587,116,1713,1144,1233,311,357,770,1299,1292,738,1962,1433,756,777,1542,1457,606,2283,2377,2220,1874,2264,1185,1143,2015,1618,2189,2024,138,663,600,2094,1207,101,2252,2348,1912,1188,1123,234,1428,231,1016,742,374,1436,2136,313,287,1872,384,1699,1463,2052,1007,486,798,874,1258,560,965,545,2005,530,2267,1424,657,1169,345,1515,1400,1256,1211,36,1047,1099,829,2318,950,2199,230,1627,1718,692,944,210,1849,2349,195,408,850,494,1814,610,1096,1735,309,655,459,1678,1121,1865,2364,2023,602,1928,5,1012,1717,732,1813,1534,1132,83,2069,825,864,809,1339,1390,1352,960,1667,285,1631,1591,1100,875,96,567,1140,341,2145,2265,2042,370,594,1932,1441,1081,2294,463,488,54,1472,301,2287,2307,1136,2155,509,1721,470,2018,177,2063,970,1465,1271,740,1013,2384,28,294,1381,1744,649,1834,132,331,1608,1375,893,1275,2320,428,1340,113,1981,2367,761,1728,2250,1500,1305,878,278,443,504,1419,2228,626,1507,1304,270,1226,2369,197,2374,1416,1052,1228,1903,1354,623,963,191,2028,1417,2031,1045,1653,532,551,531,801,34,1088,236,1695,97,788,396,1882,1069,2118,1165,1700,260,804,598,911,1151,1740,1401,80,1126,1889,159,1036,1303,2033,37,105,720,1311,1652,1227,1638,1467,539,1822,434,803,1410,1314,1739,1491,1752,58,406,420,1164,299,227,2335,2146,400,2138,1825,1940,927,1904,69,479,103,1637,1607,306,1772,2038,1840,888,467,1267,991,1771,1998,1265,730,1914,2388,351,1243,1346,1557,985,211,769,2012,303,658,1289,1269,807,2032,2382,1210,436,107,2329,880,223,487,541,1114,1067,2030,731,450,996,2248,723,371,2292,2087,2153,2315,2162,772,123,696,90,559,946,182,435,951,1176,129,1084,2233,1952,376,266,2347,276,2191,1450,2184,218,861,239,1376,2108,934,1276,747,800,226,1693,1061,656,1541,1640,1411,2379,2376,1681,1204,2049,1130,444,356,2059,1857,2316,1925,2258,2274,702,89,1715,736,1956,784,11,1854,1010,139,931,1811,1181,607,404,2244,1966,1689,1616,1023,18,2353,2357,1326,158,1307,1432,859,813,2275,1748,1908,318,2141,1027,1283,2097,1716,2234,612,849,645,693,2321,685,584,1595,724,321,895,1559,419,1284,1086,654,2227,543,1480,2124,1302,2120,332,1229,840,1002,1334,300,39,2056,1041,2182,1944,288,1250,2074,1293,2254,1212,1316,910,1094,1147,199,858,913,473,1154,110,61,694,762,364,2197,454,2116,2009,1415,452,1621,1157,2139,1835,338,1444,475,65,818,1886,1745,887,1522,1583,585,1852,1951,2176,2048,1133,1726,1701,814,1859,1085,1039,124,314,1290,2383,1473,20,1547,1172,1560,1060,2245,1647,916,2050,1742,1702,1073,2001,2236,1873,240,1706,514,2104,286,1828,2340,1297,1343,243,2143,1038,2043,244,1820,485,174,824,786,1076,942,998,1454,386,2256,905,634,2157,478,776,922,187,1035,1571,1371,1519,1163,1264,885,460,660,1477,2278,1445,1880,2386,519,883,2371,1095,1649,1867,295,426,1125,2085,1673,1946,1141,1201,746,2113,2142,774,834,1643,2271,111,1215,743,535,771,121,1919,993,305,797,208,27,3,680,407,2026,1177,1179,1675,1328,1274,556,222,2281,1611,2127,1043,35,1555,1149,773,2123,1922,2213,1409,2055,109,2103,915,1397,261,1502,1896,1995,511,1761,2167,745,713,280,673,93,546,1148,1323,1863,1091,1692,484,135,1443,2230,272,1438,1513,2111,14,627,540,1254,980,2051,265,1,319,1604,1578,1911,2156,536,763,947,1856,595,2170,1008,2125,2237,383,1166,2129,1246,178,1626,552,1644,1945,1862,2328,628,448,1574,1648,183,7,1217,47,343,469,1593,635,1787,1056,1549,1414,322,561,1106,668,1628,440,1294,1498,1065,1196,699,653,308,1988,2286,1119,1709,958,842,1231,1612,496,672,1489,2306,1708,790,1930,1470,255,1319,229,908,1961,220,856,2263,41,882,2061,513,1000,273,795,1325,2231,415,1668,167,1378,909,1564,812,881,1090,1386,1770,128,221,2077,1697,1135,580,1703,1431,1984,2235,1778,1719,823,1122,2105,168,733,471,1296,1791,810,554,640,1527,1464,1550,1529,86,1255,1754,1430,1046,267,1273,438,2148,1077,1214,1816,1535,1556,1301,259,1054,1506,369,1338,805,346,534,959,2358,601,1987,1263,2310,447,1175,122,1711,710,1384,524,1317,335,1518,2099,683,648,1335,2135,869,659,468,2378,480,2359,1407,114,499,751,542,1950,1365,1486,1679,161,162,1655,2107,752,1504,725,1774,684,137,492,2216,1344,515,578,1826,989,1836,647,1898,500,172,1469,391,186,941,2205,24,757,2179,1730,1792,926,2004,2128,1646,1979,329,125,1853,827,716,2352,81,2387,1533,2079,2214,2365,1868,2140,359,290,233,1610,1815,156,157,1239,2224,1720,707,564,1688,718,269,862,212,799,1173,1832,328,1455,76,201,557,2284,1408,2093,1676,82,1885,2351,1768,1079,2215,1907,399,1071,2017,969,1517,1399,320,1487,379,1492,395,2071,15,2266,971,2221,523,2168,1184,2100,133,1795,930,670,748,10,55,2193,1942,828,521,997,67,1737,2259,1453,1789,506,2293,1674,1900,1161,1468,431,766,851,2064,425,2198,1764,1107,155,2243,2133,2255,1427,2212,1308,2013,423,1936,1759,703,43,57,2232,677,1208,822,1662,1982,1192,1337,1613,1113,1420,750,1495,238,112,1242,232,1552,1022,209,1802,1388,1224,974,2257,1191,70,1805,2339,687,2392,1598,1484,2010,1796,1024,1590,368,421,1329,1350,2185,2011,615,2159,579,1499,1624,1576,688,1876,1155,275,152,619,563,1530,2175,1790,923,1142,1544,1503,1941,1614,1727,1846,1665,1349,2336,984,1746,1197,271,1429,1396,2218,550,2187,1020,1104,1225,988,1405,629,126,1683,1577,1358,242,2036,894,1187,1093,1722,1844,1037,1330,148,2238,1059,1635,902,1554,2022,938,2299,570,665,1586,1456,1705,2272,1447,44,85,1257,118,372,865,1931,281,53,1523,1009,995,94,1006,1478,632,1864,1423,1573,843,446,1171,1957,1926,2002,2014,1030,2247,1082,1597,1845,2210,1783,664,1475,1588,411,241,1483,872,1241,734,2289,741,2326,1918,1194,794,860,29,1870,1355,1842,1116,816,510,66,1902,1380,2027,74,518,2343,1763,1858,1459,219,1462,1101,2363,1839,1712,1537,171,1442,1449,1295,293,497,1366,1245,2330,706,1990,1817,192,679,2081,422,2020,1383,1021,449,2204,507,353,154,1684,782,2280,571,304,464,1005,1318,1753,1948,1879,1980,1049,1252,2095,1087,60,1992,1272,2222,1026,2065,1379,780,2246,1439,1393,385,2110,1955,1202,1230,1261,143,1162,330,1055,870,1999,1042,1158,1406,1894,127,616,131,146,621,1915,1592,1348,986,1324,1691,1798,1167,830,1209,12,1801,1997,206,932,1773,1262,2366,1131,149,1605,1310,490,200,1336,614,802,1581,1001,340,130,867,2332,2282,2181,753,2053,1219,50,1734,1270,461,1788,1634,347,1372,1281,906,603,2122,87,1767,1601,1917,976,2301,1775,1570,2391,432,2372,2381,737,1760,491,453,760,1751,636,711,1654,593,2045,458,1062,1156,1749,2161,2313,2196,2368,983,79,836,765,2206,394,620,701,1287,2154,1617,650,217,254,416,1645,51,1426,935,2223,115,1485,401,1232,1072,582,1736,1600,1881,414,933,198,17,936,1360,1807,787,508,1686,317,2046,1234,474,2147,2269,1382,437,100,1279,165,185,1920,1286,1582,575,574,337,1057,1361,2171,1050,1288,1446,785,1968,502,489,456,820,1812,2253
The best distance is: 15052589.97
The result is generation: 100 of popsize: 10 of PR2392.tsp 
2073,750,1854,899,1151,1537,505,1072,1989,2183,1614,474,513,1242,461,1305,1544,1727,862,1833,1016,1227,1432,759,920,1638,464,680,1223,2256,2352,1583,1405,608,487,2378,695,664,582,1692,365,63,1441,194,903,2307,70,2320,2329,1848,2281,937,1887,2129,1952,951,14,2081,628,2043,1900,1901,2029,1828,2279,771,632,677,460,631,43,58,2313,1811,1739,2211,1765,2175,1027,1111,56,2037,1558,926,2278,2180,1039,261,1508,2003,1585,801,692,2036,1654,1320,741,2292,1860,198,40,483,1003,381,782,1271,1666,864,27,1758,1052,1961,1902,1034,843,1579,1315,283,586,324,202,401,1430,796,2348,739,390,551,1231,745,435,1004,373,1920,2269,913,527,1663,1434,440,1815,540,1524,970,500,1707,1562,158,1529,41,1665,1179,457,1721,2321,2075,88,1563,2300,205,905,133,1521,9,2126,148,2195,1257,651,1659,1112,1396,442,2238,1410,1409,363,230,2251,282,607,462,1196,1325,561,1801,1834,806,735,1070,1456,1866,250,1805,2108,1084,1288,69,816,661,2124,2114,123,1518,1097,448,2082,2118,234,1741,1335,923,1379,1294,1798,774,860,1688,1582,1210,1943,2035,2200,1858,379,1512,441,2385,1169,1711,449,22,984,1173,539,1970,344,1206,940,603,841,1861,683,1520,1276,370,1552,1233,615,1283,1706,2261,2381,610,955,1762,1250,1630,2016,944,1779,2277,1990,1048,2056,1213,2322,2333,803,1903,2312,2070,2316,1241,1643,1827,494,897,292,686,2021,2249,1849,1011,1576,604,2229,2104,1159,536,2000,1467,257,2026,2065,423,2240,221,2357,1190,2368,573,287,433,1375,716,1438,415,1275,2120,535,1694,2159,1502,1136,2010,1418,481,1950,2064,1348,990,36,1017,2207,2275,1273,918,939,1968,1771,366,409,1394,2358,1120,511,1620,1464,1393,1641,1652,815,1853,2353,1028,1417,2205,1318,520,1868,466,1618,714,1955,1893,1435,1510,2008,947,1976,77,98,627,2331,1246,1675,859,2032,17,1522,2293,1816,1569,2188,829,2234,973,1107,590,2145,376,902,654,1077,246,1899,557,1802,5,854,210,2106,1484,1067,10,116,515,42,2134,2167,34,658,375,16,530,1018,490,883,2154,509,1443,2152,2135,1923,1433,1493,1337,593,214,1759,1967,999,225,1913,2274,1951,428,2244,1926,2054,519,472,377,2272,1564,949,653,138,1910,2260,229,1015,59,491,620,1683,1354,498,1877,311,332,916,802,347,2193,1553,1008,353,676,1054,537,2040,1088,1426,2215,1406,1792,419,648,1413,1098,766,1207,1364,215,31,957,2133,1922,1587,1407,1175,13,2248,177,1677,2314,1412,1540,1876,1130,1328,1751,2046,15,2223,1713,2286,1878,851,1309,1083,456,289,1452,427,1383,1345,2226,1226,2042,952,1280,1086,1287,1723,1724,1719,1359,1278,2218,2004,53,2097,2088,889,173,503,1586,865,2117,689,1037,1436,107,18,240,1898,137,1462,1560,1124,91,150,1984,780,1415,1495,374,1725,542,1421,1235,1542,840,2130,848,1030,563,1697,753,1043,1349,1732,74,813,1936,1163,2230,238,1352,2110,1296,995,1488,1307,2225,166,54,2342,1314,1822,1082,2258,1486,961,1079,2265,404,1408,1205,936,479,470,1886,1619,71,580,1339,468,946,1064,176,2282,351,299,392,1474,1728,1780,855,660,1845,1525,670,331,526,2105,1904,693,182,2052,213,2252,356,1754,83,644,2181,80,1450,929,57,2287,1653,1176,183,622,1774,82,286,1115,1957,1687,1809,928,244,400,2140,674,1592,1784,1451,525,1591,1946,1857,2241,1336,659,1506,786,1261,672,1504,2095,869,954,614,420,852,1343,2262,2157,119,2235,243,2290,414,1290,2107,690,698,1793,1299,2197,699,364,1460,713,1808,1185,1209,403,6,1154,2202,570,1867,2284,1108,73,2074,1071,1770,2045,1547,2270,568,2063,1987,480,650,1846,1029,1650,2096,1094,1543,1478,2141,1174,1940,2044,1459,1897,2062,688,789,47,2191,609,1891,2330,306,2014,640,1785,1087,1881,8,2305,997,761,986,1376,169,175,1933,2383,2196,517,387,1773,602,1651,2204,1589,1123,1466,2185,1892,276,1628,817,1649,207,581,259,237,707,2370,1021,1720,1700,2048,1647,1312,1113,136,572,1105,35,591,1695,1014,1347,1229,964,691,931,1490,567,958,1365,2111,1680,1480,2039,1332,1966,1145,1323,1517,2267,755,880,1760,1051,1114,1158,1795,426,1775,1570,543,1844,1611,2132,1871,75,367,1161,2374,1224,1157,2146,1186,600,2103,128,1491,488,2019,1526,317,2382,1220,422,254,297,1204,455,1979,1648,2350,1572,1645,2187,1153,2053,1168,1806,270,81,1215,578,623,1534,832,1731,2377,972,662,1994,772,1769,742,606,2338,996,1991,1310,113,878,736,329,1093,2058,200,1122,1745,1934,1308,1045,1472,1932,1121,46,129,322,296,873,566,820,417,1465,830,2363,1247,2001,1306,1821,1218,78,793,67,1427,95,2266,451,2050,1634,1916,1818,1557,1292,1191,1888,1469,1726,1622,1069,2390,1236,1,636,1533,2315,2273,402,1428,124,1193,350,2323,885,744,349,1594,32,1999,1601,144,1461,1596,825,1907,1091,2092,592,805,72,1593,2280,811,2366,1100,2253,1142,1835,172,1137,1286,1032,1945,1195,925,1602,1377,1590,2150,1605,265,1189,827,524,1140,1575,2169,1139,853,977,1690,1023,2237,601,1882,310,1476,1738,1192,256,1535,2289,2127,874,174,1395,372,211,1603,842,1471,111,769,2295,1667,981,476,2186,2139,62,2030,2059,165,388,985,1703,1981,2340,2119,549,2296,371,1820,1240,55,583,2203,236,1388,2158,369,1172,368,436,2317,249,1616,2243,1487,110,2291,720,1550,919,285,495,226,407,1060,1429,733,2326,132,352,641,1556,1170,1851,1669,126,512,2360,504,1103,2325,975,418,872,492,1629,1148,2168,1749,1085,1373,1960,1790,288,66,1133,391,1655,1291,360,1753,587,696,1110,643,1363,1300,1992,320,393,729,998,1523,1812,2123,1129,37,1938,1974,86,160,1838,3,728,60,579,1859,1631,1267,1138,1639,2115,775,1972,1414,2182,2128,1454,790,721,619,2024,167,101,1730,208,2209,143,2306,2250,199,1131,571,1362,61,273,280,2080,559,991,1515,135,532,1118,235,719,2346,2276,1245,1578,933,102,486,1249,778,682,824,2208,2084,2294,1101,1143,531,548,1453,1895,1698,1880,965,1446,2199,2255,893,489,1496,978,1612,1541,987,1571,278,1212,529,2324,1361,1930,1284,760,1024,1909,1217,1627,836,1548,564,734,361,2076,1656,163,497,463,76,976,1729,822,599,222,2055,2094,2380,888,618,1353,453,1875,1489,1068,1160,1539,1772,1516,1041,850,875,227,2212,1295,740,666,1864,302,84,912,1566,810,275,309,1925,700,231,159,212,1958,2162,2337,1914,788,1839,2246,645,1509,980,1998,541,117,1239,477,1500,1355,25,131,424,2101,1358,938,765,438,506,1092,730,384,147,1057,338,1050,892,1595,502,303,1939,508,639,1764,1580,576,1256,471,1670,1329,1889,1600,2069,2171,1303,49,1302,1019,130,2388,68,1254,914,1389,585,594,153,1662,2090,2361,858,1477,828,1658,1561,962,1420,2367,1063,1911,787,1165,1033,2041,2022,2173,223,553,838,241,171,702,2149,2356,1344,1301,1324,1691,629,710,1181,1604,1865,1152,1768,882,1444,1248,127,1449,2061,901,475,1076,668,1813,1789,2386,2148,638,706,1799,293,2020,1908,906,2099,1368,328,1400,701,1710,781,1626,896,394,294,863,1200,2025,1125,891,1404,1020,776,1748,94,389,2143,1198,1483,2369,1906,319,1796,1942,845,612,800,1709,767,50,484,2033,1682,1935,499,1684,413,141,1385,534,1013,1216,1668,326,900,1374,2245,1545,2009,969,2198,1366,1755,2051,1870,1636,1577,1184,1927,595,201,1919,233,232,756,105,1132,28,518,421,1501,405,1234,52,589,216,2028,1965,1788,142,757,217,2285,1012,1633,1463,348,1422,1222,1660,416,1678,876,465,203,1203,1293,747,794,1787,798,1399,1448,1657,467,879,1269,2311,743,749,1718,1536,1704,346,187,1735,1752,910,195,2006,921,950,555,1937,1924,1341,763,1532,1736,849,1929,1038,1757,546,1031,1002,1843,1081,1398,1279,2349,1372,1559,157,2017,807,1948,1781,2302,2347,2242,1693,1258,839,1528,1551,1606,1635,1988,1679,469,616,1333,723,1251,2236,1035,1734,2304,1419,408,681,2228,48,2389,2355,1096,4,120,1947,1850,2002,2089,1075,1059,812,831,1150,97,932,1761,209,1747,2100,1316,1485,397,835,538,967,569,1527,2102,2131,1164,611,313,1390,752,411,1117,1837,108,1507,584,260,2345,359,1786,478,861,139,103,1621,1356,649,1986,118,924,597,149,2067,439,316,1744,2136,1326,2027,192,1238,2116,145,1264,2121,300,915,258,445,917,1505,1116,482,45,410,358,2310,1499,704,1289,2271,1983,2341,2336,2086,342,1777,1686,673,1921,768,395,697,1608,1584,1470,378,1201,2371,343,430,819,2233,112,1954,770,596,2332,575,1874,2328,2112,1482,784,894,1776,1065,1228,1632,1262,1126,1740,335,1367,1423,336,523,2210,2376,2083,1149,2060,1797,846,1810,1963,959,1036,694,1982,264,2155,1219,1298,1879,988,1044,2161,1513,709,219,2194,1340,2391,637,856,2163,188,665,1391,2334,2254,1259,2190,1917,253,362,1311,1156,1197,724,24,1847,722,779,1714,337,2165,764,2288,2189,1141,533,989,1171,1824,726,1826,971,737,1202,705,2192,1712,204,1863,797,1025,773,1766,1119,1778,2184,263,30,1973,1531,2087,762,1664,1574,1588,809,312,669,1494,871,399,605,935,2091,1743,242,652,1194,754,934,547,1681,953,558,1350,106,2309,1969,1062,1046,2142,1661,2343,1530,1498,1915,1078,1162,443,1783,823,1431,1369,1040,179,941,598,1475,2379,496,1722,826,1425,663,1225,1842,960,345,2220,1949,2214,1862,560,247,837,1252,2079,1831,2344,751,725,2299,99,1384,966,1800,1334,1005,290,341,2,552,1144,634,1022,1182,271,911,308,1538,2319,1188,1104,904,305,1331,1437,1568,646,1266,507,868,180,1319,1883,262,624,2156,355,333,501,1066,181,731,1546,556,727,1573,446,1613,1357,64,1047,1610,193,1401,164,545,979,667,857,1230,866,1255,2125,1673,617,1918,1733,1055,186,298,1387,255,715,334,907,19,1767,1829,1503,777,1147,1155,1106,454,1313,2298,151,717,114,1351,1473,2007,2221,2375,1322,330,1975,398,2172,898,272,2077,2170,887,2098,1392,1411,79,550,1134,621,152,2066,1977,281,1708,146,647,718,1511,1514,1424,1756,206,656,1042,2174,437,804,1232,1244,1321,895,109,630,11,197,1146,2373,1277,814,2047,1554,613,1674,2072,2257,315,514,1894,1268,1180,425,1102,385,1555,1178,818,844,1931,1944,1597,1128,1455,323,196,1644,2011,708,340,1492,493,808,1794,291,1285,1380,90,429,267,993,92,29,877,1221,266,1090,1615,185,1237,161,1856,301,1623,2144,12,1370,44,2351,1640,1997,2372,1964,963,1737,510,2038,799,2364,867,1676,432,1497,2392,1317,277,1442,1457,1214,2137,1211,521,2247,2049,657,687,2031,2093,431,684,2359,89,1458,1549,1807,2263,2222,115,2122,544,274,847,1440,2068,1297,155,1836,2023,327,522,473,1671,1637,1716,2153,574,1439,1971,886,1000,87,1840,2318,2201,154,2303,1183,268,1912,2013,1403,2178,1135,1819,884,7,1624,1905,1896,452,565,459,2034,679,2268,956,908,1567,943,1346,2232,447,1928,100,2259,1985,2339,1804,2164,1817,1996,712,1869,834,1360,1402,85,1642,339,2005,685,1956,633,1696,2179,1274,2308,269,2384,1416,304,1089,1705,248,1717,1715,1832,992,1481,2239,26,1095,122,1074,1445,191,2147,1260,284,1187,2217,2365,785,1852,1701,218,968,1978,396,791,2387,655,675,783,2224,2283,2354,458,1009,444,307,2297,562,2113,96,1791,1010,295,1253,2057,1581,485,354,1689,1080,1053,945,318,1941,1598,1672,325,2231,1049,626,927,1177,51,1872,982,1814,994,1073,2151,1699,1199,930,412,2301,758,1127,178,314,870,2160,738,1953,1855,1006,2362,1371,671,2015,1397,65,1825,2327,140,1166,748,577,2227,2176,1702,134,1519,1885,23,1962,1959,2264,1330,1056,1993,1830,2109,792,833,678,162,1746,2216,1381,881,1782,1327,2166,220,1386,1263,1980,20,39,168,732,2206,1167,189,1058,1646,528,380,224,588,321,948,2335,1625,251,2219,711,1468,104,1884,2213,1890,625,121,554,2085,1099,1607,1479,1342,1272,1803,279,1447,170,125,795,1995,2018,21,1338,1281,228,1823,1007,1061,890,983,1599,746,406,1750,252,922,386,1617,450,184,1742,1270,642,516,38,1304,1763,1001,942,357,383,245,190,1026,434,1565,1265,1841,1282,2012,156,1873,909,93,1382,1609,2177,974,239,2078,1378,1109,1208,1243,382,2138,821,635,703,33,2071,1685
The best distance is: 15136581.06
